0	0	0	70.7107	70.7107	100
0.01	0.703595	0.703109	70.0108	69.9138	98.9416
0.02	1.40026	1.39833	69.3251	69.132	97.9041
0.03	2.09014	2.0858	68.6532	68.3649	96.8866
0.04	2.77337	2.76567	67.9947	67.612	95.8888
0.05	3.45008	3.43808	67.3491	66.8729	94.9099
0.06	4.1204	4.10317	66.7161	66.1473	93.9495
0.07	4.78444	4.76107	66.0954	65.4346	93.007
0.08	5.44234	5.41191	65.4866	64.7347	92.0819
0.09	6.09421	6.05581	64.8893	64.0471	91.1737
0.1	6.74017	6.69289	64.3032	63.3714	90.282
0.11	7.38032	7.32327	63.7281	62.7074	89.4063
0.12	8.01477	7.94707	63.1636	62.0546	88.5461
0.13	8.64362	8.5644	62.6094	61.4129	87.7011
0.14	9.26699	9.17537	62.0653	60.782	86.8709
0.15	9.88496	9.78008	61.531	60.1614	86.055
0.16	10.4976	10.3786	61.0062	59.551	85.253
0.17	11.1051	10.9711	60.4907	58.9504	84.4647
0.18	11.7075	11.5577	59.9843	58.3596	83.6896
0.19	12.3048	12.1384	59.4866	57.778	82.9275
0.2	12.8972	12.7133	58.9976	57.2057	82.1779
0.21	13.4848	13.2825	58.5169	56.6422	81.4406
0.22	14.0676	13.8461	58.0444	56.0874	80.7153
0.23	14.6457	14.4043	57.5798	55.5411	80.0016
0.24	15.2192	14.957	57.123	55.0031	79.2993
0.25	15.7882	15.5044	56.6738	54.4731	78.6082
0.26	16.3527	16.0465	56.232	53.951	77.9278
0.27	16.9129	16.5834	55.7973	53.4366	77.2581
0.28	17.4687	17.1152	55.3697	52.9296	76.5987
0.29	18.0203	17.642	54.949	52.43	75.9493
0.3	18.5677	18.1639	54.535	51.9375	75.3098
0.31	19.111	18.6808	54.1276	51.452	74.68
0.32	19.6503	19.1929	53.7265	50.9732	74.0595
0.33	20.1856	19.7003	53.3317	50.5012	73.4482
0.34	20.7169	20.203	52.9431	50.0356	72.8459
0.35	21.2444	20.701	52.5604	49.5764	72.2524
0.36	21.7682	21.1945	52.1835	49.1234	71.6675
0.37	22.2881	21.6835	51.8123	48.6765	71.0909
0.38	22.8044	22.1681	51.4468	48.2355	70.5226
0.39	23.3171	22.6482	51.0867	47.8003	69.9623
0.4	23.8262	23.1241	50.7319	47.3709	69.4098
0.41	24.3317	23.5957	50.3824	46.9469	68.8651
0.42	24.8338	24.063	50.0379	46.5284	68.3278
0.43	25.3325	24.5263	49.6985	46.1152	67.7979
0.44	25.8278	24.9854	49.364	45.7072	67.2752
0.45	26.3198	25.4404	49.0343	45.3044	66.7596
0.46	26.8085	25.8915	48.7093	44.9065	66.2509
0.47	27.294	26.3386	48.3889	44.5135	65.749
0.48	27.7763	26.7818	48.073	44.1252	65.2537
0.49	28.2555	27.2211	47.7614	43.7417	64.7649
0.5	28.7316	27.6566	47.4543	43.3627	64.2825
0.51	29.2046	28.0884	47.1513	42.9883	63.8063
0.52	29.6746	28.5164	46.8525	42.6182	63.3362
0.53	30.1417	28.9407	46.5578	42.2525	62.8721
0.54	30.6058	29.3614	46.2671	41.891	62.4139
0.55	31.067	29.7786	45.9802	41.5337	61.9615
0.56	31.5254	30.1921	45.6972	41.1804	61.5147
0.57	31.981	30.6022	45.418	40.8311	61.0735
0.58	32.4338	31.0088	45.1424	40.4857	60.6377
0.59	32.8838	31.4119	44.8705	40.1441	60.2073
0.6	33.3312	31.8117	44.6021	39.8064	59.7821
0.61	33.7759	32.2081	44.3372	39.4722	59.362
0.62	34.2179	32.6011	44.0757	39.1418	58.947
0.63	34.6574	32.9909	43.8176	38.8148	58.5369
0.64	35.0943	33.3774	43.5627	38.4914	58.1317
0.65	35.5287	33.7607	43.3111	38.1713	57.7313
0.66	35.9605	34.1409	43.0626	37.8546	57.3355
0.67	36.3899	34.5178	42.8172	37.5413	56.9444
0.68	36.8169	34.8917	42.5749	37.2311	56.5578
0.69	37.2414	35.2625	42.3356	36.9241	56.1756
0.7	37.6636	35.6302	42.0993	36.6202	55.7978
0.71	38.0834	35.9949	41.8658	36.3194	55.4243
0.72	38.5009	36.3566	41.6352	36.0216	55.055
0.73	38.9162	36.7153	41.4073	35.7268	54.6898
0.74	39.3291	37.0711	41.1823	35.4349	54.3287
0.75	39.7398	37.424	40.9599	35.1458	53.9716
0.76	40.1483	37.7741	40.7401	34.8595	53.6185
0.77	40.5546	38.1212	40.523	34.5759	53.2692
0.78	40.9588	38.4656	40.3084	34.2951	52.9237
0.79	41.3608	38.8072	40.0963	34.0169	52.5819
0.8	41.7607	39.1459	39.8867	33.7413	52.2439
0.81	42.1585	39.482	39.6795	33.4683	51.9094
0.82	42.5543	39.8153	39.4747	33.1978	51.5786
0.83	42.948	40.146	39.2723	32.9298	51.2512
0.84	43.3398	40.4739	39.0722	32.6642	50.9272
0.85	43.7295	40.7992	38.8743	32.401	50.6067
0.86	44.1172	41.1219	38.6787	32.1402	50.2895
0.87	44.5031	41.4421	38.4853	31.8817	49.9756
0.88	44.887	41.7596	38.294	31.6255	49.6649
0.89	45.269	42.0746	38.1049	31.3715	49.3574
0.9	45.6491	42.387	37.9178	31.1198	49.0531
0.91	46.0273	42.697	37.7329	30.8702	48.7518
0.92	46.4037	43.0044	37.5499	30.6227	48.4536
0.93	46.7783	43.3094	37.369	30.3773	48.1583
0.94	47.1511	43.612	37.19	30.134	47.866
0.95	47.5221	43.9121	37.0129	29.8928	47.5766
0.96	47.8914	44.2099	36.8378	29.6535	47.2901
0.97	48.2589	44.5052	36.6645	29.4162	47.0064
0.98	48.6247	44.7982	36.4931	29.1809	46.7255
0.99	48.9888	45.0888	36.3235	28.9475	46.4473
1	49.3512	45.3771	36.1557	28.7159	46.1718
1.01	49.7119	45.6631	35.9896	28.4862	45.899
1.02	50.071	45.9469	35.8253	28.2583	45.6287
1.03	50.4284	46.2283	35.6627	28.0322	45.3611
1.04	50.7842	46.5075	35.5017	27.8079	45.096
1.05	51.1384	46.7845	35.3424	27.5853	44.8335
1.06	51.4911	47.0592	35.1848	27.3645	44.5734
1.07	51.8421	47.3318	35.0288	27.1453	44.3157
1.08	52.1916	47.6021	34.8743	26.9278	44.0605
1.09	52.5396	47.8703	34.7215	26.7119	43.8076
1.1	52.8861	48.1364	34.5701	26.4976	43.5571
1.11	53.231	48.4003	34.4203	26.285	43.3088
1.12	53.5745	48.6621	34.272	26.0739	43.0629
1.13	53.9165	48.9218	34.1251	25.8643	42.8192
1.14	54.257	49.1794	33.9797	25.6563	42.5778
1.15	54.5961	49.4349	33.8358	25.4497	42.3385
1.16	54.9337	49.6884	33.6932	25.2446	42.1014
1.17	55.2699	49.9398	33.552	25.041	41.8664
1.18	55.6048	50.1892	33.4123	24.8389	41.6335
1.19	55.9382	50.4366	33.2738	24.6381	41.4027
1.2	56.2702	50.682	33.1367	24.4387	41.1739
1.21	56.6009	50.9254	33.0009	24.2407	40.9472
1.22	56.9303	51.1668	32.8665	24.0441	40.7225
1.23	57.2583	51.4063	32.7333	23.8488	40.4998
1.24	57.5849	51.6438	32.6013	23.6548	40.279
1.25	57.9103	51.8794	32.4706	23.4621	40.0601
1.26	58.2344	52.113	32.3412	23.2707	39.8431
1.27	58.5571	52.3448	32.2129	23.0805	39.628
1.28	58.8786	52.5746	32.0858	22.8916	39.4148
1.29	59.1988	52.8026	31.96	22.704	39.2034
1.3	59.5178	53.0287	31.8352	22.5175	38.9939
1.31	59.8356	53.253	31.7117	22.3322	38.7861
1.32	60.1521	53.4754	31.5892	22.1481	38.58
1.33	60.4673	53.6959	31.4679	21.9652	38.3758
1.34	60.7814	53.9147	31.3477	21.7834	38.1732
1.35	61.0943	54.1316	31.2286	21.6028	37.9724
1.36	61.406	54.3467	31.1106	21.4232	37.7733
1.37	61.7165	54.5601	30.9936	21.2448	37.5758
1.38	62.0259	54.7716	30.8776	21.0674	37.38
1.39	62.3341	54.9814	30.7627	20.8911	37.1858
1.4	62.6411	55.1895	30.6488	20.7159	36.9932
1.41	62.947	55.3957	30.536	20.5417	36.8023
1.42	63.2518	55.6003	30.4241	20.3686	36.6129
1.43	63.5555	55.8031	30.3132	20.1964	36.425
1.44	63.8581	56.0042	30.2032	20.0253	36.2388
1.45	64.1596	56.2036	30.0943	19.8551	36.054
1.46	64.46	56.4013	29.9862	19.686	35.8708
1.47	64.7593	56.5974	29.8791	19.5178	35.689
1.48	65.0576	56.7917	29.773	19.3505	35.5087
1.49	65.3548	56.9844	29.6677	19.1842	35.3299
1.5	65.6509	57.1754	29.5633	19.0188	35.1526
1.51	65.9461	57.3647	29.4598	18.8543	34.9767
1.52	66.2401	57.5525	29.3572	18.6908	34.8022
1.53	66.5332	57.7386	29.2555	18.5281	34.6291
1.54	66.8253	57.923	29.1546	18.3663	34.4574
1.55	67.1163	58.1059	29.0546	18.2054	34.2871
1.56	67.4064	58.2871	28.9554	18.0453	34.1181
1.57	67.6954	58.4668	28.857	17.8861	33.9505
1.58	67.9835	58.6449	28.7594	17.7277	33.7843
1.59	68.2706	58.8214	28.6627	17.5701	33.6193
1.6	68.5568	58.9963	28.5667	17.4134	33.4557
1.61	68.8419	59.1696	28.4715	17.2575	33.2934
1.62	69.1262	59.3414	28.3771	17.1023	33.1323
1.63	69.4095	59.5117	28.2835	16.948	32.9726
1.64	69.6919	59.6804	28.1906	16.7944	32.8141
1.65	69.9733	59.8476	28.0985	16.6416	32.6568
1.66	70.2538	60.0132	28.0071	16.4896	32.5008
1.67	70.5334	60.1774	27.9164	16.3383	32.346
1.68	70.8122	60.34	27.8265	16.1877	32.1925
1.69	71.09	60.5011	27.7372	16.0379	32.0401
1.7	71.3669	60.6608	27.6487	15.8888	31.889
1.71	71.643	60.8189	27.5609	15.7404	31.739
1.72	71.9181	60.9756	27.4738	15.5927	31.5902
1.73	72.1924	61.1308	27.3873	15.4457	31.4426
1.74	72.4659	61.2845	27.3015	15.2994	31.2961
1.75	72.7385	61.4367	27.2164	15.1538	31.1508
1.76	73.0102	61.5876	27.132	15.0088	31.0066
1.77	73.2811	61.7369	27.0482	14.8645	30.8635
1.78	73.5512	61.8848	26.965	14.7209	30.7216
1.79	73.8204	62.0313	26.8825	14.5779	30.5808
1.8	74.0888	62.1764	26.8006	14.4356	30.4411
1.81	74.3564	62.3201	26.7193	14.2939	30.3024
1.82	74.6232	62.4623	26.6387	14.1528	30.1649
1.83	74.8892	62.6031	26.5586	14.0123	30.0284
1.84	75.1544	62.7425	26.4792	13.8725	29.893
1.85	75.4188	62.8806	26.4003	13.7332	29.7586
1.86	75.6824	63.0172	26.322	13.5945	29.6253
1.87	75.9452	63.1525	26.2443	13.4565	29.4931
1.88	76.2073	63.2863	26.1672	13.319	29.3619
1.89	76.4686	63.4188	26.0907	13.1821	29.2317
1.9	76.7291	63.55	26.0147	13.0458	29.1025
1.91	76.9889	63.6798	25.9392	12.91	28.9743
1.92	77.2479	63.8082	25.8644	12.7748	28.8472
1.93	77.5062	63.9353	25.79	12.6401	28.721
1.94	77.7637	64.061	25.7162	12.506	28.5959
1.95	78.0205	64.1854	25.6429	12.3724	28.4717
1.96	78.2765	64.3084	25.5702	12.2394	28.3485
1.97	78.5319	64.4302	25.498	12.1068	28.2263
1.98	78.7865	64.5506	25.4263	11.9748	28.105
1.99	79.0404	64.6697	25.355	11.8434	27.9847
2	79.2936	64.7874	25.2843	11.7124	27.8654
2.01	79.5461	64.9039	25.2141	11.5819	27.7469
2.02	79.7979	65.0191	25.1444	11.4519	27.6295
2.03	80.049	65.133	25.0752	11.3225	27.513
2.04	80.2994	65.2455	25.0064	11.1935	27.3974
2.05	80.5491	65.3568	24.9382	11.0649	27.2827
2.06	80.7982	65.4668	24.8704	10.9369	27.1689
2.07	81.0465	65.5756	24.803	10.8093	27.0561
2.08	81.2942	65.683	24.7361	10.6822	26.9441
2.09	81.5413	65.7892	24.6697	10.5556	26.8331
2.1	81.7876	65.8941	24.6037	10.4294	26.723
2.11	82.0333	65.9978	24.5382	10.3037	26.6137
2.12	82.2784	66.1002	24.4731	10.1784	26.5054
2.13	82.5228	66.2014	24.4085	10.0535	26.3979
2.14	82.7666	66.3013	24.3443	9.92911	26.2913
2.15	83.0097	66.4	24.2805	9.80513	26.1855
2.16	83.2522	66.4974	24.2171	9.68158	26.0807
2.17	83.494	66.5936	24.1542	9.55845	25.9767
2.18	83.7353	66.6886	24.0916	9.43574	25.8735
2.19	83.9759	66.7823	24.0295	9.31344	25.7712
2.2	84.2158	66.8748	23.9678	9.19155	25.6698
2.21	84.4552	66.9661	23.9064	9.07007	25.5692
2.22	84.694	67.0562	23.8455	8.94898	25.4694
2.23	84.9321	67.1451	23.785	8.8283	25.3705
2.24	85.1697	67.2328	23.7248	8.708	25.2724
2.25	85.4066	67.3193	23.665	8.5881	25.1752
2.26	85.643	67.4046	23.6057	8.46858	25.0788
2.27	85.8787	67.4886	23.5466	8.34944	24.9831
2.28	86.1139	67.5715	23.488	8.23067	24.8884
2.29	86.3485	67.6533	23.4297	8.11228	24.7944
2.3	86.5825	67.7338	23.3718	7.99426	24.7012
2.31	86.8159	67.8131	23.3143	7.8766	24.6089
2.32	87.0488	67.8913	23.2571	7.7593	24.5173
2.33	87.2811	67.9683	23.2002	7.64237	24.4265
2.34	87.5128	68.0442	23.1437	7.52578	24.3366
2.35	87.744	68.1189	23.0876	7.40955	24.2474
2.36	87.9746	68.1924	23.0318	7.29366	24.1591
2.37	88.2046	68.2647	22.9763	7.17812	24.0715
2.38	88.4341	68.3359	22.9211	7.06291	23.9847
2.39	88.663	68.406	22.8663	6.94805	23.8986
2.4	88.8914	68.4749	22.8119	6.83352	23.8134
2.41	89.1193	68.5427	22.7577	6.71931	23.7289
2.42	89.3466	68.6093	22.7038	6.60544	23.6452
2.43	89.5733	68.6748	22.6503	6.49189	23.5623
2.44	89.7996	68.7391	22.5971	6.37866	23.4801
2.45	90.0253	68.8023	22.5442	6.26574	23.3987
2.46	90.2505	68.8644	22.4916	6.15314	23.3181
2.47	90.4751	68.9254	22.4393	6.04086	23.2382
2.48	90.6992	68.9853	22.3873	5.92888	23.1591
2.49	90.9229	69.044	22.3356	5.8172	23.0807
2.5	91.146	69.1016	22.2842	5.70583	23.0031
2.51	91.3685	69.1581	22.2331	5.59476	22.9262
2.52	91.5906	69.2135	22.1823	5.48399	22.8501
2.53	91.8122	69.2678	22.1317	5.37351	22.7747
2.54	92.0333	69.321	22.0815	5.26332	22.7001
2.55	92.2538	69.3731	22.0315	5.15342	22.6262
2.56	92.4739	69.424	21.9818	5.04381	22.553
2.57	92.6935	69.4739	21.9323	4.93448	22.4806
2.58	92.9125	69.5227	21.8831	4.82543	22.4089
2.59	93.1311	69.5704	21.8342	4.71666	22.3379
2.6	93.3492	69.6171	21.7856	4.60816	22.2676
2.61	93.5668	69.6626	21.7372	4.49994	22.1981
2.62	93.784	69.7071	21.6891	4.39199	22.1293
2.63	94.0006	69.7504	21.6412	4.28431	22.0612
2.64	94.2168	69.7927	21.5936	4.17689	21.9939
2.65	94.4325	69.834	21.5462	4.06974	21.9272
2.66	94.6477	69.8741	21.4991	3.96285	21.8613
2.67	94.8625	69.9132	21.4522	3.85622	21.7961
2.68	95.0768	69.9513	21.4056	3.74984	21.7316
2.69	95.2906	69.9882	21.3592	3.64373	21.6678
2.7	95.5039	70.0241	21.313	3.53786	21.6047
2.71	95.7168	70.059	21.2671	3.43224	21.5423
2.72	95.9293	70.0928	21.2214	3.32688	21.4806
2.73	96.1413	70.1255	21.1759	3.22176	21.4196
2.74	96.3528	70.1572	21.1307	3.11688	21.3593
2.75	96.5639	70.1879	21.0857	3.01224	21.2997
2.76	96.7745	70.2175	21.0409	2.90785	21.2408
2.77	96.9847	70.246	20.9963	2.80369	21.1826
2.78	97.1944	70.2735	20.9519	2.69978	21.1251
2.79	97.4037	70.3	20.9078	2.59609	21.0683
2.8	97.6126	70.3255	20.8638	2.49264	21.0122
2.81	97.821	70.3499	20.8201	2.38942	20.9567
2.82	98.029	70.3733	20.7766	2.28643	20.902
2.83	98.2366	70.3956	20.7332	2.18366	20.8479
2.84	98.4437	70.4169	20.6901	2.08113	20.7945
2.85	98.6504	70.4372	20.6472	1.97881	20.7418
2.86	98.8566	70.4565	20.6044	1.87672	20.6897
2.87	99.0624	70.4748	20.5619	1.77485	20.6384
2.88	99.2679	70.492	20.5196	1.6732	20.5877
2.89	99.4728	70.5082	20.4774	1.57176	20.5377
2.9	99.6774	70.5234	20.4355	1.47054	20.4883
2.91	99.8815	70.5376	20.3937	1.36954	20.4396
2.92	100.085	70.5508	20.3521	1.26874	20.3916
2.93	100.289	70.563	20.3107	1.16816	20.3442
2.94	100.491	70.5742	20.2695	1.06779	20.2976
2.95	100.694	70.5844	20.2284	0.967629	20.2515
2.96	100.896	70.5936	20.1875	0.867673	20.2062
2.97	101.098	70.6017	20.1468	0.767923	20.1614
2.98	101.299	70.6089	20.1063	0.668377	20.1174
2.99	101.5	70.6151	20.0659	0.569034	20.074
3	101.7	70.6203	20.0257	0.469893	20.0312
3.01	101.9	70.6245	19.9857	0.370952	19.9891
3.02	102.1	70.6277	19.9458	0.27221	19.9477
3.03	102.299	70.6299	19.9061	0.173666	19.9069
3.04	102.498	70.6312	19.8666	0.0753186	19.8667
3.05	102.697	70.6314	19.8272	-0.0228335	19.8272
3.06	102.895	70.6307	19.7879	-0.120791	19.7883
3.07	103.092	70.629	19.7489	-0.218556	19.7501
3.08	103.29	70.6264	19.7099	-0.316129	19.7125
3.09	103.487	70.6227	19.6712	-0.41351	19.6755
3.1	103.683	70.6181	19.6325	-0.510702	19.6392
3.11	103.879	70.6125	19.594	-0.607705	19.6035
3.12	104.075	70.6059	19.5557	-0.704521	19.5684
3.13	104.27	70.5984	19.5175	-0.801149	19.5339
3.14	104.465	70.5899	19.4794	-0.897592	19.5001
3.15	104.66	70.5805	19.4415	-0.99385	19.4669
3.16	104.854	70.57	19.4038	-1.08992	19.4343
3.17	105.048	70.5587	19.3661	-1.18582	19.4024
3.18	105.241	70.5463	19.3286	-1.28152	19.371
3.19	105.435	70.533	19.2912	-1.37705	19.3403
3.2	105.627	70.5188	19.254	-1.4724	19.3102
3.21	105.82	70.5036	19.2169	-1.56757	19.2807
3.22	106.012	70.4874	19.1799	-1.66256	19.2518
3.23	106.203	70.4703	19.143	-1.75737	19.2235
3.24	106.395	70.4523	19.1063	-1.852	19.1958
3.25	106.585	70.4333	19.0697	-1.94646	19.1687
3.26	106.776	70.4134	19.0332	-2.04074	19.1423
3.27	106.966	70.3925	18.9968	-2.13485	19.1164
3.28	107.156	70.3707	18.9605	-2.22878	19.0911
3.29	107.345	70.3479	18.9244	-2.32254	19.0664
3.3	107.534	70.3242	18.8884	-2.41613	19.0423
3.31	107.723	70.2996	18.8525	-2.50955	19.0188
3.32	107.911	70.274	18.8167	-2.60279	18.9958
3.33	108.099	70.2475	18.781	-2.69586	18.9735
3.34	108.287	70.2201	18.7454	-2.78876	18.9517
3.35	108.474	70.1917	18.7099	-2.88149	18.9305
3.36	108.661	70.1625	18.6746	-2.97406	18.9099
3.37	108.848	70.1323	18.6393	-3.06645	18.8899
3.38	109.034	70.1011	18.6041	-3.15867	18.8704
3.39	109.22	70.0691	18.5691	-3.25073	18.8515
3.4	109.405	70.0361	18.5341	-3.34262	18.8331
3.41	109.591	70.0022	18.4993	-3.43435	18.8154
3.42	109.775	69.9674	18.4645	-3.5259	18.7981
3.43	109.96	69.9317	18.4299	-3.61729	18.7815
3.44	110.144	69.8951	18.3953	-3.70852	18.7654
3.45	110.328	69.8576	18.3608	-3.79958	18.7498
3.46	110.511	69.8191	18.3264	-3.89048	18.7348
3.47	110.694	69.7797	18.2921	-3.98121	18.7204
3.48	110.877	69.7395	18.2579	-4.07177	18.7065
3.49	111.059	69.6983	18.2238	-4.16218	18.6931
3.5	111.241	69.6562	18.1898	-4.25242	18.6803
3.51	111.423	69.6133	18.1559	-4.34249	18.668
3.52	111.605	69.5694	18.122	-4.43241	18.6562
3.53	111.786	69.5246	18.0883	-4.52216	18.645
3.54	111.966	69.4789	18.0546	-4.61175	18.6343
3.55	112.147	69.4324	18.021	-4.70118	18.6241
3.56	112.327	69.3849	17.9875	-4.79045	18.6144
3.57	112.506	69.3366	17.954	-4.87955	18.6053
3.58	112.686	69.2873	17.9206	-4.96849	18.5966
3.59	112.865	69.2372	17.8874	-5.05728	18.5885
3.6	113.044	69.1862	17.8541	-5.1459	18.5809
3.61	113.222	69.1343	17.821	-5.23436	18.5738
3.62	113.4	69.0815	17.7879	-5.32266	18.5672
3.63	113.578	69.0278	17.7549	-5.4108	18.5611
3.64	113.755	68.9733	17.722	-5.49878	18.5555
3.65	113.932	68.9179	17.6892	-5.5866	18.5504
3.66	114.109	68.8616	17.6564	-5.67426	18.5458
3.67	114.285	68.8044	17.6237	-5.76176	18.5416
3.68	114.461	68.7463	17.591	-5.8491	18.538
3.69	114.637	68.6874	17.5585	-5.93628	18.5348
3.7	114.813	68.6276	17.526	-6.0233	18.5321
3.71	114.988	68.5669	17.4935	-6.11016	18.5299
3.72	115.162	68.5054	17.4611	-6.19686	18.5281
3.73	115.337	68.443	17.4288	-6.2834	18.5269
3.74	115.511	68.3797	17.3965	-6.36978	18.526
3.75	115.685	68.3156	17.3643	-6.45601	18.5257
3.76	115.858	68.2506	17.3322	-6.54207	18.5258
3.77	116.031	68.1848	17.3001	-6.62797	18.5263
3.78	116.204	68.118	17.2681	-6.71372	18.5273
3.79	116.377	68.0505	17.2361	-6.7993	18.5288
3.8	116.549	67.9821	17.2042	-6.88473	18.5307
3.81	116.721	67.9128	17.1724	-6.96999	18.533
3.82	116.892	67.8427	17.1406	-7.0551	18.5357
3.83	117.064	67.7717	17.1088	-7.14005	18.5389
3.84	117.235	67.6999	17.0771	-7.22483	18.5426
3.85	117.405	67.6272	17.0455	-7.30946	18.5466
3.86	117.576	67.5537	17.0139	-7.39393	18.5511
3.87	117.746	67.4793	16.9824	-7.47823	18.556
3.88	117.915	67.4041	16.9509	-7.56238	18.5613
3.89	118.085	67.3281	16.9195	-7.64637	18.567
3.9	118.254	67.2512	16.8881	-7.73019	18.5732
3.91	118.422	67.1735	16.8567	-7.81386	18.5797
3.92	118.591	67.0949	16.8254	-7.89737	18.5866
3.93	118.759	67.0155	16.7942	-7.98071	18.594
3.94	118.927	66.9353	16.763	-8.06389	18.6017
3.95	119.094	66.8542	16.7318	-8.14692	18.6098
3.96	119.261	66.7724	16.7007	-8.22978	18.6183
3.97	119.428	66.6896	16.6696	-8.31248	18.6272
3.98	119.595	66.6061	16.6386	-8.39502	18.6365
3.99	119.761	66.5217	16.6076	-8.4774	18.6461
4	119.927	66.4366	16.5767	-8.55961	18.6562
4.01	120.092	66.3506	16.5458	-8.64167	18.6666
4.02	120.258	66.2637	16.5149	-8.72356	18.6773
4.03	120.423	66.1761	16.4841	-8.80529	18.6884
4.04	120.587	66.0876	16.4533	-8.88686	18.6999
4.05	120.752	65.9983	16.4225	-8.96826	18.7117
4.06	120.916	65.9083	16.3918	-9.0495	18.7239
4.07	121.08	65.8174	16.3611	-9.13058	18.7364
4.08	121.243	65.7256	16.3305	-9.21149	18.7493
4.09	121.406	65.6331	16.2999	-9.29225	18.7625
4.1	121.569	65.5398	16.2693	-9.37283	18.7761
4.11	121.732	65.4457	16.2388	-9.45326	18.79
4.12	121.894	65.3507	16.2083	-9.53352	18.8042
4.13	122.056	65.255	16.1779	-9.61361	18.8187
4.14	122.217	65.1585	16.1474	-9.69354	18.8336
4.15	122.379	65.0611	16.117	-9.77331	18.8488
4.16	122.54	64.963	16.0867	-9.85291	18.8643
4.17	122.7	64.8641	16.0563	-9.93234	18.8801
4.18	122.861	64.7644	16.026	-10.0116	18.8962
4.19	123.021	64.6638	15.9958	-10.0907	18.9126
4.2	123.181	64.5625	15.9655	-10.1697	18.9293
4.21	123.34	64.4604	15.9353	-10.2484	18.9464
4.22	123.499	64.3576	15.9052	-10.327	18.9637
4.23	123.658	64.2539	15.875	-10.4055	18.9813
4.24	123.817	64.1495	15.8449	-10.4837	18.9992
4.25	123.975	64.0442	15.8148	-10.5618	19.0174
4.26	124.133	63.9382	15.7847	-10.6398	19.0358
4.27	124.291	63.8314	15.7547	-10.7175	19.0546
4.28	124.448	63.7239	15.7247	-10.7951	19.0736
4.29	124.605	63.6155	15.6947	-10.8726	19.0928
4.3	124.762	63.5064	15.6648	-10.9498	19.1124
4.31	124.919	63.3965	15.6348	-11.0269	19.1322
4.32	125.075	63.2859	15.6049	-11.1038	19.1523
4.33	125.231	63.1745	15.5751	-11.1806	19.1726
4.34	125.386	63.0623	15.5452	-11.2572	19.1932
4.35	125.542	62.9493	15.5154	-11.3336	19.214
4.36	125.697	62.8356	15.4856	-11.4098	19.2351
4.37	125.851	62.7211	15.4558	-11.4859	19.2564
4.38	126.006	62.6059	15.4261	-11.5618	19.2779
4.39	126.16	62.4899	15.3963	-11.6375	19.2997
4.4	126.314	62.3731	15.3666	-11.7131	19.3218
4.41	126.467	62.2556	15.337	-11.7885	19.344
4.42	126.621	62.1374	15.3073	-11.8637	19.3665
4.43	126.773	62.0184	15.2777	-11.9387	19.3892
4.44	126.926	61.8986	15.2481	-12.0136	19.4121
4.45	127.078	61.7781	15.2185	-12.0883	19.4353
4.46	127.23	61.6568	15.1889	-12.1628	19.4586
4.47	127.382	61.5348	15.1594	-12.2372	19.4822
4.48	127.534	61.4121	15.1298	-12.3114	19.5059
4.49	127.685	61.2886	15.1003	-12.3854	19.5299
4.5	127.836	61.1644	15.0709	-12.4592	19.5541
4.51	127.986	61.0394	15.0414	-12.5328	19.5785
4.52	128.137	60.9137	15.012	-12.6063	19.603
4.53	128.286	60.7873	14.9825	-12.6796	19.6278
4.54	128.436	60.6601	14.9531	-12.7528	19.6527
4.55	128.586	60.5322	14.9238	-12.8257	19.6778
4.56	128.735	60.4036	14.8944	-12.8985	19.7032
4.57	128.883	60.2743	14.8651	-12.9711	19.7287
4.58	129.032	60.1442	14.8358	-13.0435	19.7543
4.59	129.18	60.0134	14.8065	-13.1158	19.7802
4.6	129.328	59.8819	14.7772	-13.1878	19.8062
4.61	129.476	59.7496	14.7479	-13.2597	19.8323
4.62	129.623	59.6167	14.7187	-13.3315	19.8587
4.63	129.77	59.483	14.6895	-13.403	19.8852
4.64	129.917	59.3486	14.6603	-13.4744	19.9119
4.65	130.063	59.2135	14.6311	-13.5456	19.9387
4.66	130.209	59.0777	14.6019	-13.6166	19.9656
4.67	130.355	58.9412	14.5728	-13.6874	19.9928
4.68	130.501	58.804	14.5436	-13.758	20.02
4.69	130.646	58.666	14.5145	-13.8285	20.0474
4.7	130.791	58.5274	14.4855	-13.8988	20.075
4.71	130.936	58.3881	14.4564	-13.9689	20.1027
4.72	131.08	58.248	14.4273	-14.0389	20.1305
4.73	131.224	58.1073	14.3983	-14.1086	20.1585
4.74	131.368	57.9658	14.3693	-14.1782	20.1866
4.75	131.512	57.8237	14.3403	-14.2476	20.2148
4.76	131.655	57.6809	14.3113	-14.3168	20.2431
4.77	131.798	57.5374	14.2823	-14.3858	20.2716
4.78	131.941	57.3932	14.2534	-14.4547	20.3002
4.79	132.083	57.2483	14.2245	-14.5233	20.3289
4.8	132.225	57.1027	14.1956	-14.5918	20.3577
4.81	132.367	56.9565	14.1667	-14.6601	20.3866
4.82	132.509	56.8095	14.1378	-14.7283	20.4157
4.83	132.65	56.6619	14.1089	-14.7962	20.4448
4.84	132.791	56.5136	14.0801	-14.864	20.4741
4.85	132.931	56.3646	14.0513	-14.9316	20.5034
4.86	133.072	56.215	14.0225	-14.999	20.5329
4.87	133.212	56.0646	13.9937	-15.0662	20.5624
4.88	133.352	55.9136	13.9649	-15.1332	20.5921
4.89	133.491	55.762	13.9362	-15.2001	20.6218
4.9	133.63	55.6096	13.9075	-15.2667	20.6516
4.91	133.769	55.4566	13.8788	-15.3332	20.6816
4.92	133.908	55.303	13.8501	-15.3995	20.7116
4.93	134.046	55.1486	13.8214	-15.4656	20.7417
4.94	134.184	54.9937	13.7927	-15.5316	20.7718
4.95	134.322	54.838	13.7641	-15.5973	20.8021
4.96	134.46	54.6817	13.7355	-15.6629	20.8324
4.97	134.597	54.5248	13.7069	-15.7283	20.8628
4.98	134.734	54.3672	13.6783	-15.7935	20.8933
4.99	134.87	54.2089	13.6497	-15.8585	20.9238
5	135.007	54.05	13.6211	-15.9233	20.9544
5.01	135.143	53.8904	13.5926	-15.988	20.9851
5.02	135.279	53.7302	13.5641	-16.0524	21.0158
5.03	135.414	53.5694	13.5356	-16.1167	21.0466
5.04	135.549	53.4079	13.5071	-16.1808	21.0775
5.05	135.684	53.2458	13.4787	-16.2447	21.1084
5.06	135.819	53.083	13.4502	-16.3084	21.1394
5.07	135.953	52.9196	13.4218	-16.372	21.1704
5.08	136.087	52.7556	13.3934	-16.4353	21.2015
5.09	136.221	52.5909	13.365	-16.4985	21.2326
5.1	136.355	52.4256	13.3366	-16.5615	21.2638
5.11	136.488	52.2597	13.3083	-16.6243	21.295
5.12	136.621	52.0931	13.28	-16.6869	21.3262
5.13	136.753	51.9259	13.2516	-16.7493	21.3575
5.14	136.886	51.7581	13.2233	-16.8115	21.3889
5.15	137.018	51.5897	13.1951	-16.8736	21.4203
5.16	137.15	51.4206	13.1668	-16.9355	21.4517
5.17	137.281	51.251	13.1386	-16.9971	21.4831
5.18	137.413	51.0807	13.1104	-17.0586	21.5146
5.19	137.543	50.9098	13.0822	-17.1199	21.5461
5.2	137.674	50.7383	13.054	-17.1811	21.5777
5.21	137.805	50.5662	13.0258	-17.242	21.6092
5.22	137.935	50.3935	12.9977	-17.3028	21.6408
5.23	138.065	50.2201	12.9696	-17.3633	21.6725
5.24	138.194	50.0462	12.9415	-17.4237	21.7041
5.25	138.323	49.8717	12.9134	-17.4839	21.7358
5.26	138.452	49.6965	12.8853	-17.5439	21.7674
5.27	138.581	49.5208	12.8573	-17.6037	21.7991
5.28	138.709	49.3445	12.8293	-17.6634	21.8308
5.29	138.838	49.1675	12.8013	-17.7228	21.8626
5.3	138.966	48.99	12.7733	-17.7821	21.8943
5.31	139.093	48.8119	12.7454	-17.8412	21.926
5.32	139.22	48.6332	12.7174	-17.9001	21.9578
5.33	139.347	48.4539	12.6895	-17.9588	21.9896
5.34	139.474	48.274	12.6616	-18.0173	22.0213
5.35	139.601	48.0935	12.6337	-18.0756	22.0531
5.36	139.727	47.9125	12.6059	-18.1338	22.0849
5.37	139.853	47.7309	12.5781	-18.1917	22.1167
5.38	139.978	47.5487	12.5503	-18.2495	22.1485
5.39	140.104	47.3659	12.5225	-18.3071	22.1802
5.4	140.229	47.1825	12.4947	-18.3645	22.212
5.41	140.354	46.9986	12.467	-18.4217	22.2438
5.42	140.478	46.8141	12.4392	-18.4788	22.2755
5.43	140.602	46.629	12.4115	-18.5356	22.3073
5.44	140.726	46.4434	12.3839	-18.5923	22.3391
5.45	140.85	46.2572	12.3562	-18.6488	22.3708
5.46	140.974	46.0704	12.3286	-18.7051	22.4025
5.47	141.097	45.8831	12.301	-18.7612	22.4342
5.48	141.22	45.6952	12.2734	-18.8171	22.466
5.49	141.342	45.5067	12.2458	-18.8728	22.4976
5.5	141.465	45.3177	12.2183	-18.9284	22.5293
5.51	141.587	45.1281	12.1908	-18.9837	22.561
5.52	141.708	44.938	12.1633	-19.0389	22.5926
5.53	141.83	44.7474	12.1358	-19.0939	22.6242
5.54	141.951	44.5562	12.1084	-19.1487	22.6558
5.55	142.072	44.3644	12.081	-19.2034	22.6874
5.56	142.193	44.1721	12.0536	-19.2578	22.719
5.57	142.313	43.9792	12.0262	-19.3121	22.7505
5.58	142.433	43.7858	11.9988	-19.3662	22.782
5.59	142.553	43.5919	11.9715	-19.42	22.8135
5.6	142.673	43.3974	11.9442	-19.4738	22.8449
5.61	142.792	43.2024	11.9169	-19.5273	22.8764
5.62	142.911	43.0069	11.8897	-19.5806	22.9078
5.63	143.03	42.8108	11.8625	-19.6338	22.9391
5.64	143.148	42.6142	11.8353	-19.6868	22.9705
5.65	143.266	42.4171	11.8081	-19.7395	23.0018
5.66	143.384	42.2194	11.7809	-19.7922	23.033
5.67	143.502	42.0213	11.7538	-19.8446	23.0643
5.68	143.619	41.8225	11.7267	-19.8968	23.0955
5.69	143.737	41.6233	11.6997	-19.9489	23.1266
5.7	143.853	41.4236	11.6726	-20.0008	23.1577
5.71	143.97	41.2233	11.6456	-20.0525	23.1888
5.72	144.086	41.0225	11.6186	-20.104	23.2199
5.73	144.202	40.8212	11.5916	-20.1553	23.2509
5.74	144.318	40.6194	11.5647	-20.2065	23.2818
5.75	144.434	40.4171	11.5378	-20.2574	23.3127
5.76	144.549	40.2143	11.5109	-20.3082	23.3436
5.77	144.664	40.0109	11.4841	-20.3588	23.3745
5.78	144.779	39.8071	11.4572	-20.4093	23.4052
5.79	144.893	39.6027	11.4304	-20.4595	23.436
5.8	145.007	39.3979	11.4036	-20.5096	23.4667
5.81	145.121	39.1926	11.3769	-20.5594	23.4973
5.82	145.235	38.9867	11.3502	-20.6092	23.5279
5.83	145.348	38.7804	11.3235	-20.6587	23.5585
5.84	145.461	38.5735	11.2968	-20.708	23.589
5.85	145.574	38.3662	11.2702	-20.7572	23.6194
5.86	145.687	38.1584	11.2436	-20.8062	23.6498
5.87	145.799	37.9501	11.217	-20.855	23.6802
5.88	145.911	37.7413	11.1905	-20.9036	23.7105
5.89	146.023	37.532	11.1639	-20.9521	23.7407
5.9	146.134	37.3223	11.1375	-21.0003	23.7709
5.91	146.246	37.112	11.111	-21.0484	23.8011
5.92	146.356	36.9013	11.0846	-21.0964	23.8312
5.93	146.467	36.6901	11.0582	-21.1441	23.8612
5.94	146.578	36.4784	11.0318	-21.1917	23.8911
5.95	146.688	36.2663	11.0055	-21.239	23.9211
5.96	146.798	36.0536	10.9791	-21.2863	23.9509
5.97	146.907	35.8405	10.9529	-21.3333	23.9807
5.98	147.017	35.627	10.9266	-21.3801	24.0104
5.99	147.126	35.4129	10.9004	-21.4268	24.0401
6	147.235	35.1984	10.8742	-21.4733	24.0697
6.01	147.343	34.9835	10.848	-21.5197	24.0993
6.02	147.452	34.768	10.8219	-21.5658	24.1288
6.03	147.56	34.5521	10.7958	-21.6118	24.1582
6.04	147.668	34.3358	10.7698	-21.6576	24.1876
6.05	147.775	34.119	10.7437	-21.7032	24.2169
6.06	147.883	33.9017	10.7177	-21.7487	24.2461
6.07	147.99	33.684	10.6917	-21.794	24.2753
6.08	148.096	33.4659	10.6658	-21.8391	24.3044
6.09	148.203	33.2472	10.6399	-21.884	24.3335
6.1	148.309	33.0282	10.614	-21.9288	24.3625
6.11	148.415	32.8087	10.5882	-21.9734	24.3914
6.12	148.521	32.5887	10.5624	-22.0178	24.4202
6.13	148.626	32.3683	10.5366	-22.0621	24.449
6.14	148.732	32.1475	10.5109	-22.1061	24.4777
6.15	148.837	31.9262	10.4851	-22.1501	24.5064
6.16	148.941	31.7045	10.4595	-22.1938	24.535
6.17	149.046	31.4823	10.4338	-22.2374	24.5635
6.18	149.15	31.2597	10.4082	-22.2808	24.5919
6.19	149.254	31.0367	10.3826	-22.324	24.6203
6.2	149.358	30.8132	10.3571	-22.367	24.6486
6.21	149.461	30.5894	10.3316	-22.4099	24.6768
6.22	149.564	30.365	10.3061	-22.4526	24.705
6.23	149.667	30.1403	10.2806	-22.4952	24.7331
6.24	149.77	29.9151	10.2552	-22.5376	24.7611
6.25	149.872	29.6896	10.2299	-22.5798	24.7891
6.26	149.975	29.4635	10.2045	-22.6218	24.8169
6.27	150.076	29.2371	10.1792	-22.6637	24.8447
6.28	150.178	29.0103	10.1539	-22.7054	24.8725
6.29	150.28	28.783	10.1287	-22.747	24.9001
6.3	150.381	28.5553	10.1035	-22.7884	24.9277
6.31	150.482	28.3272	10.0783	-22.8296	24.9552
6.32	150.582	28.0987	10.0532	-22.8706	24.9826
6.33	150.683	27.8698	10.0281	-22.9115	25.01
6.34	150.783	27.6405	10.003	-22.9522	25.0373
6.35	150.883	27.4108	9.97801	-22.9928	25.0645
6.36	150.982	27.1807	9.95301	-23.0332	25.0916
6.37	151.082	26.9501	9.92806	-23.0734	25.1187
6.38	151.181	26.7192	9.90314	-23.1135	25.1457
6.39	151.28	26.4879	9.87825	-23.1534	25.1726
6.4	151.379	26.2561	9.85341	-23.1931	25.1994
6.41	151.477	26.024	9.82859	-23.2327	25.2262
6.42	151.575	25.7915	9.80382	-23.2721	25.2528
6.43	151.673	25.5586	9.77908	-23.3114	25.2794
6.44	151.771	25.3252	9.75438	-23.3505	25.306
6.45	151.868	25.0915	9.72971	-23.3894	25.3324
6.46	151.965	24.8575	9.70508	-23.4282	25.3588
6.47	152.062	24.623	9.68049	-23.4668	25.3851
6.48	152.159	24.3881	9.65593	-23.5052	25.4113
6.49	152.255	24.1529	9.63142	-23.5435	25.4374
6.5	152.352	23.9172	9.60693	-23.5817	25.4635
6.51	152.447	23.6812	9.58249	-23.6196	25.4894
6.52	152.543	23.4449	9.55808	-23.6575	25.5153
6.53	152.639	23.2081	9.53372	-23.6951	25.5411
6.54	152.734	22.971	9.50938	-23.7326	25.5669
6.55	152.829	22.7334	9.48509	-23.77	25.5925
6.56	152.924	22.4956	9.46083	-23.8072	25.6181
6.57	153.018	22.2573	9.43662	-23.8442	25.6436
6.58	153.112	22.0187	9.41244	-23.8811	25.669
6.59	153.206	21.7797	9.38829	-23.9178	25.6944
6.6	153.3	21.5403	9.36419	-23.9544	25.7196
6.61	153.394	21.3006	9.34013	-23.9908	25.7448
6.62	153.487	21.0605	9.3161	-24.0271	25.7699
6.63	153.58	20.8201	9.29211	-24.0632	25.7949
6.64	153.673	20.5792	9.26816	-24.0991	25.8199
6.65	153.765	20.3381	9.24425	-24.1349	25.8447
6.66	153.858	20.0965	9.22038	-24.1706	25.8695
6.67	153.95	19.8547	9.19655	-24.2061	25.8942
6.68	154.042	19.6124	9.17275	-24.2414	25.9188
6.69	154.133	19.3698	9.149	-24.2766	25.9434
6.7	154.225	19.1269	9.12528	-24.3117	25.9678
6.71	154.316	18.8836	9.1016	-24.3466	25.9922
6.72	154.407	18.64	9.07797	-24.3813	26.0165
6.73	154.497	18.396	9.05437	-24.4159	26.0407
6.74	154.588	18.1516	9.03081	-24.4504	26.0648
6.75	154.678	17.907	9.00729	-24.4847	26.0889
6.76	154.768	17.6619	8.98381	-24.5188	26.1128
6.77	154.857	17.4166	8.96037	-24.5528	26.1367
6.78	154.947	17.1709	8.93697	-24.5867	26.1605
6.79	155.036	16.9249	8.91361	-24.6204	26.1843
6.8	155.125	16.6785	8.89029	-24.6539	26.2079
6.81	155.214	16.4318	8.86701	-24.6874	26.2315
6.82	155.303	16.1847	8.84377	-24.7206	26.2549
6.83	155.391	15.9374	8.82058	-24.7538	26.2783
6.84	155.479	15.6897	8.79742	-24.7867	26.3017
6.85	155.567	15.4416	8.7743	-24.8196	26.3249
6.86	155.654	15.1933	8.75122	-24.8523	26.348
6.87	155.742	14.9446	8.72818	-24.8848	26.3711
6.88	155.829	14.6956	8.70519	-24.9172	26.3941
6.89	155.916	14.4462	8.68223	-24.9495	26.417
6.9	156.003	14.1966	8.65931	-24.9816	26.4398
6.91	156.089	13.9466	8.63644	-25.0136	26.4626
6.92	156.175	13.6963	8.61361	-25.0454	26.4852
6.93	156.261	13.4457	8.59081	-25.0771	26.5078
6.94	156.347	13.1948	8.56806	-25.1087	26.5303
6.95	156.433	12.9435	8.54535	-25.1401	26.5527
6.96	156.518	12.692	8.52268	-25.1714	26.5751
6.97	156.603	12.4401	8.50005	-25.2025	26.5973
6.98	156.688	12.1879	8.47746	-25.2335	26.6195
6.99	156.773	11.9354	8.45492	-25.2644	26.6416
7	156.857	11.6826	8.43241	-25.2951	26.6636
7.01	156.941	11.4295	8.40995	-25.3257	26.6856
7.02	157.025	11.1761	8.38753	-25.3562	26.7074
7.03	157.109	10.9224	8.36515	-25.3865	26.7292
7.04	157.193	10.6684	8.34281	-25.4167	26.7509
7.05	157.276	10.4141	8.32051	-25.4467	26.7725
7.06	157.359	10.1595	8.29826	-25.4766	26.794
7.07	157.442	9.90454	8.27604	-25.5064	26.8155
7.08	157.525	9.64933	8.25387	-25.536	26.8368
7.09	157.607	9.39382	8.23174	-25.5655	26.8581
7.1	157.689	9.13802	8.20966	-25.5949	26.8793
7.11	157.771	8.88192	8.18761	-25.6241	26.9004
7.12	157.853	8.62554	8.16561	-25.6532	26.9215
7.13	157.935	8.36886	8.14364	-25.6822	26.9424
7.14	158.016	8.11189	8.12172	-25.7111	26.9633
7.15	158.097	7.85464	8.09985	-25.7398	26.9841
7.16	158.178	7.5971	8.07801	-25.7684	27.0049
7.17	158.259	7.33927	8.05622	-25.7968	27.0255
7.18	158.339	7.08116	8.03447	-25.8251	27.0461
7.19	158.419	6.82277	8.01276	-25.8533	27.0666
7.2	158.499	6.5641	7.99109	-25.8814	27.087
7.21	158.579	6.30514	7.96947	-25.9093	27.1073
7.22	158.659	6.04591	7.94788	-25.9371	27.1275
7.23	158.738	5.7864	7.92634	-25.9648	27.1477
7.24	158.817	5.52662	7.90485	-25.9924	27.1678
7.25	158.896	5.26655	7.88339	-26.0198	27.1878
7.26	158.975	5.00622	7.86198	-26.0471	27.2077
7.27	159.053	4.74561	7.84061	-26.0742	27.2276
7.28	159.132	4.48474	7.81928	-26.1013	27.2474
7.29	159.21	4.22359	7.798	-26.1282	27.2671
7.3	159.288	3.96217	7.77676	-26.155	27.2867
7.31	159.365	3.70049	7.75556	-26.1817	27.3062
7.32	159.443	3.43854	7.7344	-26.2082	27.3257
7.33	159.52	3.17632	7.71329	-26.2347	27.3451
7.34	159.597	2.91385	7.69222	-26.261	27.3644
7.35	159.674	2.65111	7.67119	-26.2871	27.3836
7.36	159.75	2.3881	7.65021	-26.3132	27.4027
7.37	159.827	2.12484	7.62926	-26.3391	27.4218
7.38	159.903	1.86132	7.60837	-26.3649	27.4408
7.39	159.979	1.59754	7.58751	-26.3906	27.4597
7.4	160.055	1.33351	7.5667	-26.4162	27.4786
7.41	160.13	1.06922	7.54592	-26.4417	27.4973
7.42	160.206	0.804677	7.5252	-26.467	27.516
7.43	160.281	0.53988	7.50451	-26.4922	27.5346
7.44	160.356	0.274832	7.48387	-26.5173	27.5532
7.45	160.431	0.0095343	7.46327	-26.5423	27.5716
7.46	160.505	-0.256013	7.44271	-26.5672	27.59
