0	0	0	70.7107	70.7107	-1.11022e-16
0.01	0.707107	0.706616	70.7107	70.6126	-3.33067e-16
0.02	1.41421	1.41225	70.7107	70.5145	-4.44089e-16
0.03	2.12132	2.11691	70.7107	70.4164	-9.99201e-16
0.04	2.82843	2.82058	70.7107	70.3183	-1.11022e-15
0.05	3.53553	3.52327	70.7107	70.2202	-9.99201e-16
0.06	4.24264	4.22498	70.7107	70.1221	-1.33227e-15
0.07	4.94975	4.92571	70.7107	70.024	-1.55431e-15
0.08	5.65685	5.62546	70.7107	69.9259	-1.77636e-15
0.09	6.36396	6.32423	70.7107	69.8278	-2.33147e-15
0.1	7.07107	7.02202	70.7107	69.7297	-2.22045e-15
0.11	7.77817	7.71882	70.7107	69.6316	-2.66454e-15
0.12	8.48528	8.41465	70.7107	69.5335	-2.77556e-15
0.13	9.19239	9.10949	70.7107	69.4354	-3.10862e-15
0.14	9.89949	9.80336	70.7107	69.3373	-3.10862e-15
0.15	10.6066	10.4962	70.7107	69.2392	-3.33067e-15
0.16	11.3137	11.1881	70.7107	69.1411	-3.66374e-15
0.17	12.0208	11.8791	70.7107	69.043	-4.10783e-15
0.18	12.7279	12.569	70.7107	68.9449	-4.10783e-15
0.19	13.435	13.258	70.7107	68.8468	-4.55191e-15
0.2	14.1421	13.9459	70.7107	68.7487	-4.32987e-15
0.21	14.8492	14.6329	70.7107	68.6506	-4.996e-15
0.22	15.5563	15.3189	70.7107	68.5525	-4.996e-15
0.23	16.2635	16.004	70.7107	68.4544	-5.21805e-15
0.24	16.9706	16.688	70.7107	68.3563	-5.55112e-15
0.25	17.6777	17.3711	70.7107	68.2582	-5.77316e-15
0.26	18.3848	18.0532	70.7107	68.1601	-6.10623e-15
0.27	19.0919	18.7343	70.7107	68.062	-6.21725e-15
0.28	19.799	19.4144	70.7107	67.9639	-6.43929e-15
0.29	20.5061	20.0936	70.7107	67.8658	-6.66134e-15
0.3	21.2132	20.7718	70.7107	67.7677	-6.88338e-15
0.31	21.9203	21.4489	70.7107	67.6696	-7.10543e-15
0.32	22.6274	22.1251	70.7107	67.5715	-7.10543e-15
0.33	23.3345	22.8004	70.7107	67.4734	-7.66054e-15
0.34	24.0416	23.4746	70.7107	67.3753	-7.66054e-15
0.35	24.7487	24.1479	70.7107	67.2772	-8.10463e-15
0.36	25.4558	24.8202	70.7107	67.1791	-8.32667e-15
0.37	26.163	25.4915	70.7107	67.081	-8.43769e-15
0.38	26.8701	26.1618	70.7107	66.9829	-8.54872e-15
0.39	27.5772	26.8311	70.7107	66.8848	-8.77076e-15
0.4	28.2843	27.4995	70.7107	66.7867	-8.88178e-15
0.41	28.9914	28.1668	70.7107	66.6886	-9.4369e-15
0.42	29.6985	28.8332	70.7107	66.5905	-9.76996e-15
0.43	30.4056	29.4987	70.7107	66.4924	-9.65894e-15
0.44	31.1127	30.1631	70.7107	66.3943	-9.99201e-15
0.45	31.8198	30.8265	70.7107	66.2962	-9.88098e-15
0.46	32.5269	31.489	70.7107	66.1981	-1.04361e-14
0.47	33.234	32.1505	70.7107	66.1	-1.06581e-14
0.48	33.9411	32.811	70.7107	66.0019	-1.08802e-14
0.49	34.6482	33.4705	70.7107	65.9038	-1.11022e-14
0.5	35.3553	34.1291	70.7107	65.8057	-1.15463e-14
0.51	36.0624	34.7867	70.7107	65.7076	-1.15463e-14
0.52	36.7696	35.4432	70.7107	65.6095	-1.16573e-14
0.53	37.4767	36.0988	70.7107	65.5114	-1.22125e-14
0.54	38.1838	36.7535	70.7107	65.4133	-1.21014e-14
0.55	38.8909	37.4071	70.7107	65.3152	-1.23235e-14
0.56	39.598	38.0598	70.7107	65.2171	-1.23235e-14
0.57	40.3051	38.7115	70.7107	65.119	-1.27676e-14
0.58	41.0122	39.3622	70.7107	65.0209	-1.31006e-14
0.59	41.7193	40.0119	70.7107	64.9228	-1.31006e-14
0.6	42.4264	40.6606	70.7107	64.8247	-1.34337e-14
0.61	43.1335	41.3084	70.7107	64.7266	-1.36557e-14
0.62	43.8406	41.9551	70.7107	64.6285	-1.39888e-14
0.63	44.5477	42.6009	70.7107	64.5304	-1.40998e-14
0.64	45.2548	43.2457	70.7107	64.4323	-1.42109e-14
0.65	45.9619	43.8896	70.7107	64.3342	-1.45439e-14
0.66	46.669	44.5324	70.7107	64.2361	-1.46549e-14
0.67	47.3762	45.1743	70.7107	64.138	-1.4988e-14
0.68	48.0833	45.8152	70.7107	64.0399	-1.4877e-14
0.69	48.7904	46.4551	70.7107	63.9418	-1.53211e-14
0.7	49.4975	47.094	70.7107	63.8437	-1.5099e-14
0.71	50.2046	47.732	70.7107	63.7456	-1.5099e-14
0.72	50.9117	48.3689	70.7107	63.6475	-1.5099e-14
0.73	51.6188	49.0049	70.7107	63.5494	-1.54321e-14
0.74	52.3259	49.6399	70.7107	63.4513	-1.53211e-14
0.75	53.033	50.2739	70.7107	63.3532	-1.54321e-14
0.76	53.7401	50.907	70.7107	63.2551	-1.53211e-14
0.77	54.4472	51.539	70.7107	63.157	-1.54321e-14
0.78	55.1543	52.1701	70.7107	63.0589	-1.55431e-14
0.79	55.8614	52.8002	70.7107	62.9608	-1.53211e-14
0.8	56.5685	53.4293	70.7107	62.8627	-1.54321e-14
0.81	57.2756	54.0575	70.7107	62.7646	-1.55431e-14
0.82	57.9828	54.6846	70.7107	62.6665	-1.57652e-14
0.83	58.6899	55.3108	70.7107	62.5684	-1.57652e-14
0.84	59.397	55.936	70.7107	62.4703	-1.54321e-14
0.85	60.1041	56.5602	70.7107	62.3722	-1.53211e-14
0.86	60.8112	57.1834	70.7107	62.2741	-1.55431e-14
0.87	61.5183	57.8057	70.7107	62.176	-1.55431e-14
0.88	62.2254	58.427	70.7107	62.0779	-1.57652e-14
0.89	62.9325	59.0473	70.7107	61.9798	-1.55431e-14
0.9	63.6396	59.6666	70.7107	61.8817	-1.58762e-14
0.91	64.3467	60.2849	70.7107	61.7836	-1.57652e-14
0.92	65.0538	60.9022	70.7107	61.6855	-1.57652e-14
0.93	65.7609	61.5186	70.7107	61.5874	-1.58762e-14
0.94	66.468	62.134	70.7107	61.4893	-1.58762e-14
0.95	67.1751	62.7484	70.7107	61.3912	-1.57652e-14
0.96	67.8823	63.3618	70.7107	61.2931	-1.59872e-14
0.97	68.5894	63.9742	70.7107	61.195	-1.59872e-14
0.98	69.2965	64.5857	70.7107	61.0969	-1.57652e-14
0.99	70.0036	65.1962	70.7107	60.9988	-1.58762e-14
1	70.7107	65.8057	70.7107	60.9007	-1.59872e-14
1.01	71.4178	66.4142	70.7107	60.8026	-1.59872e-14
1.02	72.1249	67.0217	70.7107	60.7045	-1.58762e-14
1.03	72.832	67.6283	70.7107	60.6064	-1.59872e-14
1.04	73.5391	68.2339	70.7107	60.5083	-1.59872e-14
1.05	74.2462	68.8384	70.7107	60.4102	-1.63203e-14
1.06	74.9533	69.4421	70.7107	60.3121	-1.60982e-14
1.07	75.6604	70.0447	70.7107	60.214	-1.64313e-14
1.08	76.3675	70.6463	70.7107	60.1159	-1.59872e-14
1.09	77.0746	71.247	70.7107	60.0178	-1.64313e-14
1.1	77.7817	71.8467	70.7107	59.9197	-1.63203e-14
1.11	78.4889	72.4454	70.7107	59.8216	-1.64313e-14
1.12	79.196	73.0431	70.7107	59.7235	-1.63203e-14
1.13	79.9031	73.6399	70.7107	59.6254	-1.64313e-14
1.14	80.6102	74.2356	70.7107	59.5273	-1.65423e-14
1.15	81.3173	74.8304	70.7107	59.4292	-1.67644e-14
1.16	82.0244	75.4242	70.7107	59.3311	-1.65423e-14
1.17	82.7315	76.017	70.7107	59.233	-1.64313e-14
1.18	83.4386	76.6089	70.7107	59.1349	-1.65423e-14
1.19	84.1457	77.1997	70.7107	59.0368	-1.64313e-14
1.2	84.8528	77.7896	70.7107	58.9387	-1.67644e-14
1.21	85.5599	78.3785	70.7107	58.8406	-1.64313e-14
1.22	86.267	78.9664	70.7107	58.7425	-1.65423e-14
1.23	86.9741	79.5534	70.7107	58.6444	-1.67644e-14
1.24	87.6812	80.1393	70.7107	58.5463	-1.65423e-14
1.25	88.3883	80.7243	70.7107	58.4482	-1.67644e-14
1.26	89.0955	81.3083	70.7107	58.3501	-1.65423e-14
1.27	89.8026	81.8913	70.7107	58.252	-1.67644e-14
1.28	90.5097	82.4733	70.7107	58.1539	-1.65423e-14
1.29	91.2168	83.0544	70.7107	58.0558	-1.67644e-14
1.3	91.9239	83.6344	70.7107	57.9577	-1.65423e-14
1.31	92.631	84.2135	70.7107	57.8596	-1.69864e-14
1.32	93.3381	84.7916	70.7107	57.7615	-1.69864e-14
1.33	94.0452	85.3687	70.7107	57.6634	-1.69864e-14
1.34	94.7523	85.9449	70.7107	57.5653	-1.69864e-14
1.35	95.4594	86.5201	70.7107	57.4672	-1.67644e-14
1.36	96.1665	87.0942	70.7107	57.3691	-1.69864e-14
1.37	96.8736	87.6674	70.7107	57.271	-1.72085e-14
1.38	97.5807	88.2397	70.7107	57.1729	-1.69864e-14
1.39	98.2878	88.8109	70.7107	57.0748	-1.69864e-14
1.4	98.9949	89.3811	70.7107	56.9767	-1.69864e-14
1.41	99.7021	89.9504	70.7107	56.8786	-1.73195e-14
1.42	100.409	90.5187	70.7107	56.7805	-1.72085e-14
1.43	101.116	91.086	70.7107	56.6824	-1.73195e-14
1.44	101.823	91.6524	70.7107	56.5843	-1.73195e-14
1.45	102.53	92.2177	70.7107	56.4862	-1.69864e-14
1.46	103.238	92.7821	70.7107	56.3881	-1.72085e-14
1.47	103.945	93.3455	70.7107	56.29	-1.73195e-14
1.48	104.652	93.9079	70.7107	56.1919	-1.74305e-14
1.49	105.359	94.4693	70.7107	56.0938	-1.73195e-14
1.5	106.066	95.0298	70.7107	55.9957	-1.73195e-14
1.51	106.773	95.5892	70.7107	55.8976	-1.74305e-14
1.52	107.48	96.1477	70.7107	55.7995	-1.76525e-14
1.53	108.187	96.7052	70.7107	55.7014	-1.76525e-14
1.54	108.894	97.2617	70.7107	55.6033	-1.76525e-14
1.55	109.602	97.8173	70.7107	55.5052	-1.74305e-14
1.56	110.309	98.3718	70.7107	55.4071	-1.74305e-14
1.57	111.016	98.9254	70.7107	55.309	-1.76525e-14
1.58	111.723	99.478	70.7107	55.2109	-1.76525e-14
1.59	112.43	100.03	70.7107	55.1128	-1.76525e-14
1.6	113.137	100.58	70.7107	55.0147	-1.74305e-14
1.61	113.844	101.13	70.7107	54.9166	-1.77636e-14
1.62	114.551	101.679	70.7107	54.8185	-1.74305e-14
1.63	115.258	102.226	70.7107	54.7204	-1.77636e-14
1.64	115.966	102.773	70.7107	54.6223	-1.77636e-14
1.65	116.673	103.319	70.7107	54.5242	-1.77636e-14
1.66	117.38	103.864	70.7107	54.4261	-1.76525e-14
1.67	118.087	104.407	70.7107	54.328	-1.76525e-14
1.68	118.794	104.95	70.7107	54.2299	-1.78746e-14
1.69	119.501	105.492	70.7107	54.1318	-1.78746e-14
1.7	120.208	106.033	70.7107	54.0337	-1.76525e-14
1.71	120.915	106.573	70.7107	53.9356	-1.78746e-14
1.72	121.622	107.111	70.7107	53.8375	-1.78746e-14
1.73	122.329	107.649	70.7107	53.7394	-1.78746e-14
1.74	123.037	108.186	70.7107	53.6413	-1.80966e-14
1.75	123.744	108.722	70.7107	53.5432	-1.80966e-14
1.76	124.451	109.257	70.7107	53.4451	-1.78746e-14
1.77	125.158	109.791	70.7107	53.347	-1.82077e-14
1.78	125.865	110.324	70.7107	53.2489	-1.82077e-14
1.79	126.572	110.856	70.7107	53.1508	-1.82077e-14
1.8	127.279	111.387	70.7107	53.0527	-1.82077e-14
1.81	127.986	111.917	70.7107	52.9546	-1.82077e-14
1.82	128.693	112.446	70.7107	52.8565	-1.80966e-14
1.83	129.401	112.974	70.7107	52.7584	-1.83187e-14
1.84	130.108	113.501	70.7107	52.6603	-1.82077e-14
1.85	130.815	114.027	70.7107	52.5622	-1.83187e-14
1.86	131.522	114.553	70.7107	52.4641	-1.83187e-14
1.87	132.229	115.077	70.7107	52.366	-1.82077e-14
1.88	132.936	115.6	70.7107	52.2679	-1.82077e-14
1.89	133.643	116.122	70.7107	52.1698	-1.83187e-14
1.9	134.35	116.643	70.7107	52.0717	-1.84297e-14
1.91	135.057	117.163	70.7107	51.9736	-1.83187e-14
1.92	135.765	117.683	70.7107	51.8755	-1.82077e-14
1.93	136.472	118.201	70.7107	51.7774	-1.83187e-14
1.94	137.179	118.718	70.7107	51.6793	-1.84297e-14
1.95	137.886	119.235	70.7107	51.5812	-1.84297e-14
1.96	138.593	119.75	70.7107	51.4831	-1.84297e-14
1.97	139.3	120.264	70.7107	51.385	-1.86517e-14
1.98	140.007	120.778	70.7107	51.2869	-1.87628e-14
1.99	140.714	121.29	70.7107	51.1888	-1.86517e-14
2	141.421	121.801	70.7107	51.0907	-1.86517e-14
2.01	142.128	122.312	70.7107	50.9926	-1.84297e-14
2.02	142.836	122.821	70.7107	50.8945	-1.87628e-14
2.03	143.543	123.33	70.7107	50.7964	-1.87628e-14
2.04	144.25	123.837	70.7107	50.6983	-1.86517e-14
2.05	144.957	124.344	70.7107	50.6002	-1.86517e-14
2.06	145.664	124.849	70.7107	50.5021	-1.86517e-14
2.07	146.371	125.354	70.7107	50.404	-1.88738e-14
2.08	147.078	125.857	70.7107	50.3059	-1.88738e-14
2.09	147.785	126.36	70.7107	50.2078	-1.87628e-14
2.1	148.492	126.861	70.7107	50.1097	-1.88738e-14
2.11	149.2	127.362	70.7107	50.0116	-1.90958e-14
2.12	149.907	127.862	70.7107	49.9135	-1.88738e-14
2.13	150.614	128.36	70.7107	49.8154	-1.87628e-14
2.14	151.321	128.858	70.7107	49.7173	-1.87628e-14
2.15	152.028	129.355	70.7107	49.6192	-1.86517e-14
2.16	152.735	129.85	70.7107	49.5211	-1.87628e-14
2.17	153.442	130.345	70.7107	49.423	-1.86517e-14
2.18	154.149	130.839	70.7107	49.3249	-1.87628e-14
2.19	154.856	131.332	70.7107	49.2268	-1.90958e-14
2.2	155.563	131.823	70.7107	49.1287	-1.90958e-14
2.21	156.271	132.314	70.7107	49.0306	-1.92069e-14
2.22	156.978	132.804	70.7107	48.9325	-1.92069e-14
2.23	157.685	133.293	70.7107	48.8344	-1.93179e-14
2.24	158.392	133.781	70.7107	48.7363	-1.92069e-14
2.25	159.099	134.267	70.7107	48.6382	-1.93179e-14
2.26	159.806	134.753	70.7107	48.5401	-1.93179e-14
2.27	160.513	135.238	70.7107	48.442	-1.93179e-14
2.28	161.22	135.722	70.7107	48.3439	-1.93179e-14
2.29	161.927	136.205	70.7107	48.2458	-1.95399e-14
2.3	162.635	136.687	70.7107	48.1477	-1.96509e-14
2.31	163.342	137.168	70.7107	48.0496	-1.93179e-14
2.32	164.049	137.648	70.7107	47.9515	-1.93179e-14
2.33	164.756	138.127	70.7107	47.8534	-1.92069e-14
2.34	165.463	138.605	70.7107	47.7553	-1.93179e-14
2.35	166.17	139.082	70.7107	47.6572	-1.93179e-14
2.36	166.877	139.558	70.7107	47.5591	-1.93179e-14
2.37	167.584	140.033	70.7107	47.461	-1.90958e-14
2.38	168.291	140.508	70.7107	47.3629	-1.93179e-14
2.39	168.999	140.981	70.7107	47.2648	-1.93179e-14
2.4	169.706	141.453	70.7107	47.1667	-1.96509e-14
2.41	170.413	141.924	70.7107	47.0686	-1.95399e-14
2.42	171.12	142.394	70.7107	46.9705	-1.96509e-14
2.43	171.827	142.863	70.7107	46.8724	-1.96509e-14
2.44	172.534	143.332	70.7107	46.7743	-1.96509e-14
2.45	173.241	143.799	70.7107	46.6762	-1.9984e-14
2.46	173.948	144.265	70.7107	46.5781	-1.9762e-14
2.47	174.655	144.73	70.7107	46.48	-1.96509e-14
2.48	175.362	145.195	70.7107	46.3819	-1.9762e-14
2.49	176.07	145.658	70.7107	46.2838	-1.9762e-14
2.5	176.777	146.12	70.7107	46.1857	-1.9762e-14
2.51	177.484	146.582	70.7107	46.0876	-2.0095e-14
2.52	178.191	147.042	70.7107	45.9895	-1.9762e-14
2.53	178.898	147.502	70.7107	45.8914	-1.9762e-14
2.54	179.605	147.96	70.7107	45.7933	-1.9762e-14
2.55	180.312	148.417	70.7107	45.6952	-1.96509e-14
2.56	181.019	148.874	70.7107	45.5971	-1.9984e-14
2.57	181.726	149.329	70.7107	45.499	-1.96509e-14
2.58	182.434	149.784	70.7107	45.4009	-1.96509e-14
2.59	183.141	150.237	70.7107	45.3028	-1.96509e-14
2.6	183.848	150.69	70.7107	45.2047	-1.9984e-14
2.61	184.555	151.142	70.7107	45.1066	-1.9762e-14
2.62	185.262	151.592	70.7107	45.0085	-1.9984e-14
2.63	185.969	152.042	70.7107	44.9104	-2.02061e-14
2.64	186.676	152.49	70.7107	44.8123	-2.02061e-14
2.65	187.383	152.938	70.7107	44.7142	-2.02061e-14
2.66	188.09	153.385	70.7107	44.6161	-2.0095e-14
2.67	188.798	153.83	70.7107	44.518	-2.04281e-14
2.68	189.505	154.275	70.7107	44.4199	-2.02061e-14
2.69	190.212	154.719	70.7107	44.3218	-2.02061e-14
2.7	190.919	155.161	70.7107	44.2237	-2.02061e-14
2.71	191.626	155.603	70.7107	44.1256	-2.04281e-14
2.72	192.333	156.044	70.7107	44.0275	-2.02061e-14
2.73	193.04	156.484	70.7107	43.9294	-2.05391e-14
2.74	193.747	156.922	70.7107	43.8313	-2.05391e-14
2.75	194.454	157.36	70.7107	43.7332	-2.04281e-14
2.76	195.161	157.797	70.7107	43.6351	-2.05391e-14
2.77	195.869	158.233	70.7107	43.537	-2.04281e-14
2.78	196.576	158.668	70.7107	43.4389	-2.02061e-14
2.79	197.283	159.102	70.7107	43.3408	-2.02061e-14
2.8	197.99	159.535	70.7107	43.2427	-2.0095e-14
2.81	198.697	159.967	70.7107	43.1446	-2.02061e-14
2.82	199.404	160.398	70.7107	43.0465	-2.02061e-14
2.83	200.111	160.828	70.7107	42.9484	-2.04281e-14
2.84	200.818	161.257	70.7107	42.8503	-2.05391e-14
2.85	201.525	161.685	70.7107	42.7522	-2.05391e-14
2.86	202.233	162.112	70.7107	42.6541	-2.06501e-14
2.87	202.94	162.538	70.7107	42.556	-2.05391e-14
2.88	203.647	162.963	70.7107	42.4579	-2.06501e-14
2.89	204.354	163.387	70.7107	42.3598	-2.06501e-14
2.9	205.061	163.81	70.7107	42.2617	-2.07612e-14
2.91	205.768	164.232	70.7107	42.1636	-2.07612e-14
2.92	206.475	164.653	70.7107	42.0655	-2.07612e-14
2.93	207.182	165.073	70.7107	41.9674	-2.06501e-14
2.94	207.889	165.493	70.7107	41.8693	-2.07612e-14
2.95	208.597	165.911	70.7107	41.7712	-2.07612e-14
2.96	209.304	166.328	70.7107	41.6731	-2.07612e-14
2.97	210.011	166.744	70.7107	41.575	-2.06501e-14
2.98	210.718	167.159	70.7107	41.4769	-2.05391e-14
2.99	211.425	167.574	70.7107	41.3788	-2.06501e-14
3	212.132	167.987	70.7107	41.2807	-2.05391e-14
3.01	212.839	168.399	70.7107	41.1826	-2.05391e-14
3.02	213.546	168.811	70.7107	41.0845	-2.06501e-14
3.03	214.253	169.221	70.7107	40.9864	-2.07612e-14
3.04	214.96	169.63	70.7107	40.8883	-2.06501e-14
3.05	215.668	170.039	70.7107	40.7902	-2.09832e-14
3.06	216.375	170.446	70.7107	40.6921	-2.10942e-14
3.07	217.082	170.853	70.7107	40.594	-2.09832e-14
3.08	217.789	171.258	70.7107	40.4959	-2.10942e-14
3.09	218.496	171.663	70.7107	40.3978	-2.10942e-14
3.1	219.203	172.066	70.7107	40.2997	-2.10942e-14
3.11	219.91	172.469	70.7107	40.2016	-2.09832e-14
3.12	220.617	172.87	70.7107	40.1035	-2.09832e-14
3.13	221.324	173.271	70.7107	40.0054	-2.09832e-14
3.14	222.032	173.67	70.7107	39.9073	-2.10942e-14
3.15	222.739	174.069	70.7107	39.8092	-2.10942e-14
3.16	223.446	174.466	70.7107	39.7111	-2.10942e-14
3.17	224.153	174.863	70.7107	39.613	-2.10942e-14
3.18	224.86	175.259	70.7107	39.5149	-2.09832e-14
3.19	225.567	175.653	70.7107	39.4168	-2.07612e-14
3.2	226.274	176.047	70.7107	39.3187	-2.09832e-14
3.21	226.981	176.44	70.7107	39.2206	-2.09832e-14
3.22	227.688	176.831	70.7107	39.1225	-2.10942e-14
3.23	228.395	177.222	70.7107	39.0244	-2.10942e-14
3.24	229.103	177.612	70.7107	38.9263	-2.10942e-14
3.25	229.81	178.001	70.7107	38.8282	-2.12053e-14
3.26	230.517	178.388	70.7107	38.7301	-2.14273e-14
3.27	231.224	178.775	70.7107	38.632	-2.10942e-14
3.28	231.931	179.161	70.7107	38.5339	-2.14273e-14
3.29	232.638	179.546	70.7107	38.4358	-2.14273e-14
3.3	233.345	179.93	70.7107	38.3377	-2.14273e-14
3.31	234.052	180.313	70.7107	38.2396	-2.15383e-14
3.32	234.759	180.695	70.7107	38.1415	-2.14273e-14
3.33	235.467	181.076	70.7107	38.0434	-2.14273e-14
3.34	236.174	181.455	70.7107	37.9453	-2.14273e-14
3.35	236.881	181.834	70.7107	37.8472	-2.14273e-14
3.36	237.588	182.212	70.7107	37.7491	-2.15383e-14
3.37	238.295	182.589	70.7107	37.651	-2.14273e-14
3.38	239.002	182.965	70.7107	37.5529	-2.14273e-14
3.39	239.709	183.34	70.7107	37.4548	-2.14273e-14
3.4	240.416	183.715	70.7107	37.3567	-2.14273e-14
3.41	241.123	184.088	70.7107	37.2586	-2.12053e-14
3.42	241.831	184.46	70.7107	37.1605	-2.10942e-14
3.43	242.538	184.831	70.7107	37.0624	-2.14273e-14
3.44	243.245	185.201	70.7107	36.9643	-2.14273e-14
3.45	243.952	185.57	70.7107	36.8662	-2.14273e-14
3.46	244.659	185.938	70.7107	36.7681	-2.16493e-14
3.47	245.366	186.305	70.7107	36.67	-2.15383e-14
3.48	246.073	186.672	70.7107	36.5719	-2.16493e-14
3.49	246.78	187.037	70.7107	36.4738	-2.16493e-14
3.5	247.487	187.401	70.7107	36.3757	-2.16493e-14
3.51	248.194	187.764	70.7107	36.2776	-2.16493e-14
3.52	248.902	188.127	70.7107	36.1795	-2.16493e-14
3.53	249.609	188.488	70.7107	36.0814	-2.16493e-14
3.54	250.316	188.848	70.7107	35.9833	-2.18714e-14
3.55	251.023	189.208	70.7107	35.8852	-2.18714e-14
3.56	251.73	189.566	70.7107	35.7871	-2.16493e-14
3.57	252.437	189.923	70.7107	35.689	-2.19824e-14
3.58	253.144	190.28	70.7107	35.5909	-2.16493e-14
3.59	253.851	190.635	70.7107	35.4928	-2.16493e-14
3.6	254.558	190.99	70.7107	35.3947	-2.15383e-14
3.61	255.266	191.343	70.7107	35.2966	-2.15383e-14
3.62	255.973	191.696	70.7107	35.1985	-2.14273e-14
3.63	256.68	192.047	70.7107	35.1004	-2.16493e-14
3.64	257.387	192.398	70.7107	35.0023	-2.16493e-14
3.65	258.094	192.747	70.7107	34.9042	-2.16493e-14
3.66	258.801	193.096	70.7107	34.8061	-2.19824e-14
3.67	259.508	193.443	70.7107	34.708	-2.19824e-14
3.68	260.215	193.79	70.7107	34.6099	-2.19824e-14
3.69	260.922	194.135	70.7107	34.5118	-2.19824e-14
3.7	261.63	194.48	70.7107	34.4137	-2.19824e-14
3.71	262.337	194.824	70.7107	34.3156	-2.19824e-14
3.72	263.044	195.166	70.7107	34.2175	-2.19824e-14
3.73	263.751	195.508	70.7107	34.1194	-2.19824e-14
3.74	264.458	195.849	70.7107	34.0213	-2.20934e-14
3.75	265.165	196.188	70.7107	33.9232	-2.19824e-14
3.76	265.872	196.527	70.7107	33.8251	-2.19824e-14
3.77	266.579	196.865	70.7107	33.727	-2.23155e-14
3.78	267.286	197.202	70.7107	33.6289	-2.19824e-14
3.79	267.993	197.538	70.7107	33.5308	-2.19824e-14
3.8	268.701	197.872	70.7107	33.4327	-2.19824e-14
3.81	269.408	198.206	70.7107	33.3346	-2.19824e-14
3.82	270.115	198.539	70.7107	33.2365	-2.19824e-14
3.83	270.822	198.871	70.7107	33.1384	-2.19824e-14
3.84	271.529	199.202	70.7107	33.0403	-2.19824e-14
3.85	272.236	199.532	70.7107	32.9422	-2.19824e-14
3.86	272.943	199.861	70.7107	32.8441	-2.20934e-14
3.87	273.65	200.189	70.7107	32.746	-2.23155e-14
3.88	274.357	200.516	70.7107	32.6479	-2.24265e-14
3.89	275.065	200.842	70.7107	32.5498	-2.23155e-14
3.9	275.772	201.167	70.7107	32.4517	-2.25375e-14
3.91	276.479	201.491	70.7107	32.3536	-2.23155e-14
3.92	277.186	201.814	70.7107	32.2555	-2.25375e-14
3.93	277.893	202.136	70.7107	32.1574	-2.25375e-14
3.94	278.6	202.457	70.7107	32.0593	-2.24265e-14
3.95	279.307	202.777	70.7107	31.9612	-2.24265e-14
3.96	280.014	203.096	70.7107	31.8631	-2.23155e-14
3.97	280.721	203.414	70.7107	31.765	-2.23155e-14
3.98	281.428	203.731	70.7107	31.6669	-2.23155e-14
3.99	282.136	204.048	70.7107	31.5688	-2.20934e-14
4	282.843	204.363	70.7107	31.4707	-2.23155e-14
4.01	283.55	204.677	70.7107	31.3726	-2.20934e-14
4.02	284.257	204.99	70.7107	31.2745	-2.19824e-14
4.03	284.964	205.302	70.7107	31.1764	-2.16493e-14
4.04	285.671	205.614	70.7107	31.0783	-2.18714e-14
4.05	286.378	205.924	70.7107	30.9802	-2.19824e-14
4.06	287.085	206.233	70.7107	30.8821	-2.18714e-14
4.07	287.792	206.542	70.7107	30.784	-2.19824e-14
4.08	288.5	206.849	70.7107	30.6859	-2.19824e-14
4.09	289.207	207.155	70.7107	30.5878	-2.19824e-14
4.1	289.914	207.461	70.7107	30.4897	-2.19824e-14
4.11	290.621	207.765	70.7107	30.3916	-2.19824e-14
4.12	291.328	208.069	70.7107	30.2935	-2.19824e-14
4.13	292.035	208.371	70.7107	30.1954	-2.19824e-14
4.14	292.742	208.672	70.7107	30.0973	-2.19824e-14
4.15	293.449	208.973	70.7107	29.9992	-2.19824e-14
4.16	294.156	209.272	70.7107	29.9011	-2.18714e-14
4.17	294.864	209.571	70.7107	29.803	-2.19824e-14
4.18	295.571	209.869	70.7107	29.7049	-2.18714e-14
4.19	296.278	210.165	70.7107	29.6068	-2.16493e-14
4.2	296.985	210.461	70.7107	29.5087	-2.16493e-14
4.21	297.692	210.755	70.7107	29.4106	-2.15383e-14
4.22	298.399	211.049	70.7107	29.3125	-2.15383e-14
4.23	299.106	211.341	70.7107	29.2144	-2.14273e-14
4.24	299.813	211.633	70.7107	29.1163	-2.10942e-14
4.25	300.52	211.924	70.7107	29.0182	-2.12053e-14
4.26	301.227	212.214	70.7107	28.9201	-2.14273e-14
4.27	301.935	212.502	70.7107	28.822	-2.14273e-14
4.28	302.642	212.79	70.7107	28.7239	-2.15383e-14
4.29	303.349	213.077	70.7107	28.6258	-2.14273e-14
4.3	304.056	213.362	70.7107	28.5277	-2.14273e-14
4.31	304.763	213.647	70.7107	28.4296	-2.15383e-14
4.32	305.47	213.931	70.7107	28.3315	-2.14273e-14
4.33	306.177	214.214	70.7107	28.2334	-2.14273e-14
4.34	306.884	214.496	70.7107	28.1353	-2.14273e-14
4.35	307.591	214.777	70.7107	28.0372	-2.16493e-14
4.36	308.299	215.056	70.7107	27.9391	-2.14273e-14
4.37	309.006	215.335	70.7107	27.841	-2.14273e-14
4.38	309.713	215.613	70.7107	27.7429	-2.14273e-14
4.39	310.42	215.89	70.7107	27.6448	-2.12053e-14
4.4	311.127	216.166	70.7107	27.5467	-2.10942e-14
4.41	311.834	216.441	70.7107	27.4486	-2.10942e-14
4.42	312.541	216.715	70.7107	27.3505	-2.10942e-14
4.43	313.248	216.988	70.7107	27.2524	-2.07612e-14
4.44	313.955	217.26	70.7107	27.1543	-2.07612e-14
4.45	314.663	217.531	70.7107	27.0562	-2.07612e-14
4.46	315.37	217.801	70.7107	26.9581	-2.10942e-14
4.47	316.077	218.07	70.7107	26.86	-2.07612e-14
4.48	316.784	218.339	70.7107	26.7619	-2.09832e-14
4.49	317.491	218.606	70.7107	26.6638	-2.09832e-14
4.5	318.198	218.872	70.7107	26.5657	-2.10942e-14
4.51	318.905	219.137	70.7107	26.4676	-2.10942e-14
4.52	319.612	219.401	70.7107	26.3695	-2.10942e-14
4.53	320.319	219.664	70.7107	26.2714	-2.09832e-14
4.54	321.026	219.927	70.7107	26.1733	-2.10942e-14
4.55	321.734	220.188	70.7107	26.0752	-2.10942e-14
4.56	322.441	220.448	70.7107	25.9771	-2.09832e-14
4.57	323.148	220.707	70.7107	25.879	-2.10942e-14
4.58	323.855	220.966	70.7107	25.7809	-2.10942e-14
4.59	324.562	221.223	70.7107	25.6828	-2.07612e-14
4.6	325.269	221.479	70.7107	25.5847	-2.07612e-14
4.61	325.976	221.735	70.7107	25.4866	-2.06501e-14
4.62	326.683	221.989	70.7107	25.3885	-2.07612e-14
4.63	327.39	222.242	70.7107	25.2904	-2.07612e-14
4.64	328.098	222.495	70.7107	25.1923	-2.05391e-14
4.65	328.805	222.746	70.7107	25.0942	-2.02061e-14
4.66	329.512	222.997	70.7107	24.9961	-2.02061e-14
4.67	330.219	223.246	70.7107	24.898	-2.04281e-14
4.68	330.926	223.495	70.7107	24.7999	-2.04281e-14
4.69	331.633	223.742	70.7107	24.7018	-2.04281e-14
4.7	332.34	223.989	70.7107	24.6037	-2.04281e-14
4.71	333.047	224.234	70.7107	24.5056	-2.05391e-14
4.72	333.754	224.479	70.7107	24.4075	-2.05391e-14
4.73	334.462	224.722	70.7107	24.3094	-2.05391e-14
4.74	335.169	224.965	70.7107	24.2113	-2.05391e-14
4.75	335.876	225.207	70.7107	24.1132	-2.05391e-14
4.76	336.583	225.447	70.7107	24.0151	-2.05391e-14
4.77	337.29	225.687	70.7107	23.917	-2.04281e-14
4.78	337.997	225.926	70.7107	23.8189	-2.05391e-14
4.79	338.704	226.163	70.7107	23.7208	-2.05391e-14
4.8	339.411	226.4	70.7107	23.6227	-2.04281e-14
4.81	340.118	226.636	70.7107	23.5246	-2.05391e-14
4.82	340.825	226.871	70.7107	23.4265	-2.02061e-14
4.83	341.533	227.104	70.7107	23.3284	-2.02061e-14
4.84	342.24	227.337	70.7107	23.2303	-2.02061e-14
4.85	342.947	227.569	70.7107	23.1322	-2.0095e-14
4.86	343.654	227.8	70.7107	23.0341	-1.9984e-14
4.87	344.361	228.03	70.7107	22.936	-1.9984e-14
4.88	345.068	228.258	70.7107	22.8379	-1.9762e-14
4.89	345.775	228.486	70.7107	22.7398	-1.9984e-14
4.9	346.482	228.713	70.7107	22.6417	-1.9984e-14
4.91	347.189	228.939	70.7107	22.5436	-1.9984e-14
4.92	347.897	229.164	70.7107	22.4455	-2.02061e-14
4.93	348.604	229.388	70.7107	22.3474	-2.02061e-14
4.94	349.311	229.611	70.7107	22.2493	-2.02061e-14
4.95	350.018	229.833	70.7107	22.1512	-2.02061e-14
4.96	350.725	230.054	70.7107	22.0531	-2.02061e-14
4.97	351.432	230.274	70.7107	21.955	-2.02061e-14
4.98	352.139	230.493	70.7107	21.8569	-2.02061e-14
4.99	352.846	230.711	70.7107	21.7588	-2.02061e-14
5	353.553	230.928	70.7107	21.6607	-2.02061e-14
5.01	354.26	231.145	70.7107	21.5626	-2.0095e-14
5.02	354.968	231.36	70.7107	21.4645	-1.9984e-14
5.03	355.675	231.574	70.7107	21.3664	-1.9984e-14
5.04	356.382	231.787	70.7107	21.2683	-1.9762e-14
5.05	357.089	231.999	70.7107	21.1702	-1.9762e-14
5.06	357.796	232.21	70.7107	21.0721	-1.9762e-14
5.07	358.503	232.421	70.7107	20.974	-1.96509e-14
5.08	359.21	232.63	70.7107	20.8759	-1.96509e-14
5.09	359.917	232.838	70.7107	20.7778	-1.93179e-14
5.1	360.624	233.045	70.7107	20.6797	-1.95399e-14
5.11	361.332	233.252	70.7107	20.5816	-1.96509e-14
5.12	362.039	233.457	70.7107	20.4835	-1.96509e-14
5.13	362.746	233.661	70.7107	20.3854	-1.96509e-14
5.14	363.453	233.865	70.7107	20.2873	-1.96509e-14
5.15	364.16	234.067	70.7107	20.1892	-1.96509e-14
5.16	364.867	234.269	70.7107	20.0911	-1.96509e-14
5.17	365.574	234.469	70.7107	19.993	-1.96509e-14
5.18	366.281	234.668	70.7107	19.8949	-1.96509e-14
5.19	366.988	234.867	70.7107	19.7968	-1.96509e-14
5.2	367.696	235.064	70.7107	19.6987	-1.9762e-14
5.21	368.403	235.261	70.7107	19.6006	-1.9762e-14
5.22	369.11	235.456	70.7107	19.5025	-1.96509e-14
5.23	369.817	235.651	70.7107	19.4044	-1.96509e-14
5.24	370.524	235.844	70.7107	19.3063	-1.96509e-14
5.25	371.231	236.037	70.7107	19.2082	-1.93179e-14
5.26	371.938	236.229	70.7107	19.1101	-1.93179e-14
5.27	372.645	236.419	70.7107	19.012	-1.92069e-14
5.28	373.352	236.609	70.7107	18.9139	-1.90958e-14
5.29	374.059	236.797	70.7107	18.8158	-1.90958e-14
5.3	374.767	236.985	70.7107	18.7177	-1.92069e-14
5.31	375.474	237.172	70.7107	18.6196	-1.90958e-14
5.32	376.181	237.358	70.7107	18.5215	-1.92069e-14
5.33	376.888	237.542	70.7107	18.4234	-1.90958e-14
5.34	377.595	237.726	70.7107	18.3253	-1.93179e-14
5.35	378.302	237.909	70.7107	18.2272	-1.93179e-14
5.36	379.009	238.091	70.7107	18.1291	-1.93179e-14
5.37	379.716	238.271	70.7107	18.031	-1.93179e-14
5.38	380.423	238.451	70.7107	17.9329	-1.93179e-14
5.39	381.131	238.63	70.7107	17.8348	-1.93179e-14
5.4	381.838	238.808	70.7107	17.7367	-1.92069e-14
5.41	382.545	238.985	70.7107	17.6386	-1.93179e-14
5.42	383.252	239.161	70.7107	17.5405	-1.92069e-14
5.43	383.959	239.336	70.7107	17.4424	-1.90958e-14
5.44	384.666	239.509	70.7107	17.3443	-1.90958e-14
5.45	385.373	239.682	70.7107	17.2462	-1.92069e-14
5.46	386.08	239.854	70.7107	17.1481	-1.88738e-14
5.47	386.787	240.025	70.7107	17.05	-1.87628e-14
5.48	387.495	240.195	70.7107	16.9519	-1.88738e-14
5.49	388.202	240.364	70.7107	16.8538	-1.88738e-14
5.5	388.909	240.532	70.7107	16.7557	-1.86517e-14
5.51	389.616	240.7	70.7107	16.6576	-1.84297e-14
5.52	390.323	240.866	70.7107	16.5595	-1.87628e-14
5.53	391.03	241.031	70.7107	16.4614	-1.87628e-14
5.54	391.737	241.195	70.7107	16.3633	-1.88738e-14
5.55	392.444	241.358	70.7107	16.2652	-1.88738e-14
5.56	393.151	241.52	70.7107	16.1671	-1.88738e-14
5.57	393.858	241.681	70.7107	16.069	-1.90958e-14
5.58	394.566	241.842	70.7107	15.9709	-1.88738e-14
5.59	395.273	242.001	70.7107	15.8728	-1.90958e-14
5.6	395.98	242.159	70.7107	15.7747	-1.90958e-14
5.61	396.687	242.316	70.7107	15.6766	-1.88738e-14
5.62	397.394	242.473	70.7107	15.5785	-1.88738e-14
5.63	398.101	242.628	70.7107	15.4804	-1.90958e-14
5.64	398.808	242.782	70.7107	15.3823	-1.88738e-14
5.65	399.515	242.935	70.7107	15.2842	-1.88738e-14
5.66	400.222	243.088	70.7107	15.1861	-1.87628e-14
5.67	400.93	243.239	70.7107	15.088	-1.87628e-14
5.68	401.637	243.39	70.7107	14.9899	-1.87628e-14
5.69	402.344	243.539	70.7107	14.8918	-1.87628e-14
5.7	403.051	243.687	70.7107	14.7937	-1.87628e-14
5.71	403.758	243.835	70.7107	14.6956	-1.86517e-14
5.72	404.465	243.981	70.7107	14.5975	-1.84297e-14
5.73	405.172	244.127	70.7107	14.4994	-1.86517e-14
5.74	405.879	244.271	70.7107	14.4013	-1.84297e-14
5.75	406.586	244.415	70.7107	14.3032	-1.87628e-14
5.76	407.294	244.557	70.7107	14.2051	-1.87628e-14
5.77	408.001	244.699	70.7107	14.107	-1.87628e-14
5.78	408.708	244.84	70.7107	14.0089	-1.87628e-14
5.79	409.415	244.979	70.7107	13.9108	-1.87628e-14
5.8	410.122	245.118	70.7107	13.8127	-1.90958e-14
5.81	410.829	245.255	70.7107	13.7146	-1.90958e-14
5.82	411.536	245.392	70.7107	13.6165	-1.87628e-14
5.83	412.243	245.528	70.7107	13.5184	-1.87628e-14
5.84	412.95	245.662	70.7107	13.4203	-1.88738e-14
5.85	413.657	245.796	70.7107	13.3222	-1.90958e-14
5.86	414.365	245.929	70.7107	13.2241	-1.90958e-14
5.87	415.072	246.061	70.7107	13.126	-1.87628e-14
5.88	415.779	246.191	70.7107	13.0279	-1.87628e-14
5.89	416.486	246.321	70.7107	12.9298	-1.87628e-14
5.9	417.193	246.45	70.7107	12.8317	-1.84297e-14
5.91	417.9	246.578	70.7107	12.7336	-1.84297e-14
5.92	418.607	246.705	70.7107	12.6355	-1.84297e-14
5.93	419.314	246.83	70.7107	12.5374	-1.84297e-14
5.94	420.021	246.955	70.7107	12.4393	-1.87628e-14
5.95	420.729	247.079	70.7107	12.3412	-1.87628e-14
5.96	421.436	247.202	70.7107	12.2431	-1.87628e-14
5.97	422.143	247.324	70.7107	12.145	-1.87628e-14
5.98	422.85	247.445	70.7107	12.0469	-1.88738e-14
5.99	423.557	247.565	70.7107	11.9488	-1.88738e-14
6	424.264	247.684	70.7107	11.8507	-1.88738e-14
6.01	424.971	247.802	70.7107	11.7526	-1.88738e-14
6.02	425.678	247.919	70.7107	11.6545	-1.90958e-14
6.03	426.385	248.035	70.7107	11.5564	-1.88738e-14
6.04	427.092	248.15	70.7107	11.4583	-1.90958e-14
6.05	427.8	248.264	70.7107	11.3602	-1.87628e-14
6.06	428.507	248.377	70.7107	11.2621	-1.88738e-14
6.07	429.214	248.49	70.7107	11.164	-1.88738e-14
6.08	429.921	248.601	70.7107	11.0659	-1.87628e-14
6.09	430.628	248.711	70.7107	10.9678	-1.87628e-14
6.1	431.335	248.82	70.7107	10.8697	-1.86517e-14
6.11	432.042	248.928	70.7107	10.7716	-1.86517e-14
6.12	432.749	249.036	70.7107	10.6735	-1.86517e-14
6.13	433.456	249.142	70.7107	10.5754	-1.83187e-14
6.14	434.164	249.247	70.7107	10.4773	-1.84297e-14
6.15	434.871	249.351	70.7107	10.3792	-1.87628e-14
6.16	435.578	249.455	70.7107	10.2811	-1.86517e-14
6.17	436.285	249.557	70.7107	10.183	-1.87628e-14
6.18	436.992	249.658	70.7107	10.0849	-1.88738e-14
6.19	437.699	249.759	70.7107	9.98678	-1.87628e-14
6.2	438.406	249.858	70.7107	9.88868	-1.88738e-14
6.21	439.113	249.956	70.7107	9.79058	-1.90958e-14
6.22	439.82	250.054	70.7107	9.69248	-1.87628e-14
6.23	440.528	250.15	70.7107	9.59438	-1.88738e-14
6.24	441.235	250.246	70.7107	9.49628	-1.88738e-14
6.25	441.942	250.34	70.7107	9.39818	-1.87628e-14
6.26	442.649	250.434	70.7107	9.30008	-1.87628e-14
6.27	443.356	250.526	70.7107	9.20198	-1.88738e-14
6.28	444.063	250.618	70.7107	9.10388	-1.88738e-14
6.29	444.77	250.708	70.7107	9.00578	-1.87628e-14
6.3	445.477	250.798	70.7107	8.90768	-1.87628e-14
6.31	446.184	250.886	70.7107	8.80958	-1.87628e-14
6.32	446.891	250.974	70.7107	8.71148	-1.86517e-14
6.33	447.599	251.061	70.7107	8.61338	-1.86517e-14
6.34	448.306	251.146	70.7107	8.51528	-1.84297e-14
6.35	449.013	251.231	70.7107	8.41718	-1.84297e-14
6.36	449.72	251.315	70.7107	8.31908	-1.84297e-14
6.37	450.427	251.397	70.7107	8.22098	-1.87628e-14
6.38	451.134	251.479	70.7107	8.12288	-1.87628e-14
6.39	451.841	251.56	70.7107	8.02478	-1.87628e-14
6.4	452.548	251.64	70.7107	7.92668	-1.87628e-14
6.41	453.255	251.718	70.7107	7.82858	-1.87628e-14
6.42	453.963	251.796	70.7107	7.73048	-1.88738e-14
6.43	454.67	251.873	70.7107	7.63238	-1.87628e-14
6.44	455.377	251.949	70.7107	7.53428	-1.88738e-14
6.45	456.084	252.024	70.7107	7.43618	-1.87628e-14
6.46	456.791	252.097	70.7107	7.33808	-1.88738e-14
6.47	457.498	252.17	70.7107	7.23998	-1.90958e-14
6.48	458.205	252.242	70.7107	7.14188	-1.88738e-14
6.49	458.912	252.313	70.7107	7.04378	-1.88738e-14
6.5	459.619	252.383	70.7107	6.94568	-1.87628e-14
6.51	460.327	252.452	70.7107	6.84758	-1.87628e-14
6.52	461.034	252.52	70.7107	6.74948	-1.87628e-14
6.53	461.741	252.587	70.7107	6.65138	-1.87628e-14
6.54	462.448	252.653	70.7107	6.55328	-1.84297e-14
6.55	463.155	252.718	70.7107	6.45518	-1.84297e-14
6.56	463.862	252.782	70.7107	6.35708	-1.86517e-14
6.57	464.569	252.845	70.7107	6.25898	-1.84297e-14
6.58	465.276	252.907	70.7107	6.16088	-1.87628e-14
6.59	465.983	252.969	70.7107	6.06278	-1.87628e-14
6.6	466.69	253.029	70.7107	5.96468	-1.88738e-14
6.61	467.398	253.088	70.7107	5.86658	-1.87628e-14
6.62	468.105	253.146	70.7107	5.76848	-1.87628e-14
6.63	468.812	253.203	70.7107	5.67038	-1.90958e-14
6.64	469.519	253.259	70.7107	5.57228	-1.88738e-14
6.65	470.226	253.315	70.7107	5.47418	-1.90958e-14
6.66	470.933	253.369	70.7107	5.37608	-1.88738e-14
6.67	471.64	253.422	70.7107	5.27798	-1.87628e-14
6.68	472.347	253.474	70.7107	5.17988	-1.90958e-14
6.69	473.054	253.526	70.7107	5.08178	-1.87628e-14
6.7	473.762	253.576	70.7107	4.98368	-1.87628e-14
6.71	474.469	253.625	70.7107	4.88558	-1.87628e-14
6.72	475.176	253.674	70.7107	4.78748	-1.87628e-14
6.73	475.883	253.721	70.7107	4.68938	-1.87628e-14
6.74	476.59	253.768	70.7107	4.59128	-1.87628e-14
6.75	477.297	253.813	70.7107	4.49318	-1.84297e-14
6.76	478.004	253.857	70.7107	4.39508	-1.84297e-14
6.77	478.711	253.901	70.7107	4.29698	-1.86517e-14
6.78	479.418	253.943	70.7107	4.19888	-1.86517e-14
6.79	480.126	253.985	70.7107	4.10078	-1.87628e-14
6.8	480.833	254.025	70.7107	4.00268	-1.87628e-14
6.81	481.54	254.065	70.7107	3.90458	-1.87628e-14
6.82	482.247	254.104	70.7107	3.80648	-1.87628e-14
6.83	482.954	254.141	70.7107	3.70838	-1.90958e-14
6.84	483.661	254.178	70.7107	3.61028	-1.88738e-14
6.85	484.368	254.213	70.7107	3.51218	-1.88738e-14
6.86	485.075	254.248	70.7107	3.41408	-1.87628e-14
6.87	485.782	254.282	70.7107	3.31598	-1.87628e-14
6.88	486.489	254.314	70.7107	3.21788	-1.87628e-14
6.89	487.197	254.346	70.7107	3.11978	-1.87628e-14
6.9	487.904	254.377	70.7107	3.02168	-1.87628e-14
6.91	488.611	254.406	70.7107	2.92358	-1.87628e-14
6.92	489.318	254.435	70.7107	2.82548	-1.87628e-14
6.93	490.025	254.463	70.7107	2.72738	-1.87628e-14
6.94	490.732	254.49	70.7107	2.62928	-1.86517e-14
6.95	491.439	254.515	70.7107	2.53118	-1.86517e-14
6.96	492.146	254.54	70.7107	2.43308	-1.84297e-14
6.97	492.853	254.564	70.7107	2.33498	-1.84297e-14
6.98	493.561	254.587	70.7107	2.23688	-1.84297e-14
6.99	494.268	254.609	70.7107	2.13878	-1.86517e-14
7	494.975	254.63	70.7107	2.04068	-1.86517e-14
7.01	495.682	254.65	70.7107	1.94258	-1.87628e-14
7.02	496.389	254.669	70.7107	1.84448	-1.87628e-14
7.03	497.096	254.687	70.7107	1.74638	-1.87628e-14
7.04	497.803	254.704	70.7107	1.64828	-1.87628e-14
7.05	498.51	254.72	70.7107	1.55018	-1.87628e-14
7.06	499.217	254.735	70.7107	1.45208	-1.88738e-14
7.07	499.924	254.749	70.7107	1.35398	-1.87628e-14
7.08	500.632	254.762	70.7107	1.25588	-1.88738e-14
7.09	501.339	254.774	70.7107	1.15778	-1.87628e-14
7.1	502.046	254.785	70.7107	1.05968	-1.87628e-14
7.11	502.753	254.795	70.7107	0.961578	-1.87628e-14
7.12	503.46	254.804	70.7107	0.863478	-1.86517e-14
7.13	504.167	254.812	70.7107	0.765378	-1.87628e-14
7.14	504.874	254.819	70.7107	0.667278	-1.87628e-14
7.15	505.581	254.825	70.7107	0.569178	-1.84297e-14
7.16	506.288	254.831	70.7107	0.471078	-1.84297e-14
7.17	506.996	254.835	70.7107	0.372978	-1.86517e-14
7.18	507.703	254.838	70.7107	0.274878	-1.84297e-14
7.19	508.41	254.84	70.7107	0.176778	-1.86517e-14
7.2	509.117	254.842	70.7107	0.0786781	-1.84297e-14
7.21	509.824	254.842	70.7107	-0.0194219	-1.87628e-14
7.22	510.531	254.841	70.7107	-0.117522	-1.86517e-14
7.23	511.238	254.84	70.7107	-0.215622	-1.86517e-14
7.24	511.945	254.837	70.7107	-0.313722	-1.87628e-14
7.25	512.652	254.833	70.7107	-0.411822	-1.88738e-14
7.26	513.36	254.829	70.7107	-0.509922	-1.87628e-14
7.27	514.067	254.823	70.7107	-0.608022	-1.87628e-14
7.28	514.774	254.817	70.7107	-0.706122	-1.88738e-14
7.29	515.481	254.809	70.7107	-0.804222	-1.87628e-14
7.3	516.188	254.801	70.7107	-0.902322	-1.88738e-14
7.31	516.895	254.791	70.7107	-1.00042	-1.88738e-14
7.32	517.602	254.78	70.7107	-1.09852	-1.87628e-14
7.33	518.309	254.769	70.7107	-1.19662	-1.87628e-14
7.34	519.016	254.757	70.7107	-1.29472	-1.86517e-14
7.35	519.723	254.743	70.7107	-1.39282	-1.86517e-14
7.36	520.431	254.729	70.7107	-1.49092	-1.84297e-14
7.37	521.138	254.713	70.7107	-1.58902	-1.84297e-14
7.38	521.845	254.697	70.7107	-1.68712	-1.84297e-14
7.39	522.552	254.68	70.7107	-1.78522	-1.84297e-14
7.4	523.259	254.661	70.7107	-1.88332	-1.84297e-14
7.41	523.966	254.642	70.7107	-1.98142	-1.87628e-14
7.42	524.673	254.622	70.7107	-2.07952	-1.86517e-14
7.43	525.38	254.6	70.7107	-2.17762	-1.87628e-14
7.44	526.087	254.578	70.7107	-2.27572	-1.87628e-14
7.45	526.795	254.555	70.7107	-2.37382	-1.87628e-14
7.46	527.502	254.531	70.7107	-2.47192	-1.87628e-14
7.47	528.209	254.505	70.7107	-2.57002	-1.87628e-14
7.48	528.916	254.479	70.7107	-2.66812	-1.87628e-14
7.49	529.623	254.452	70.7107	-2.76622	-1.87628e-14
7.5	530.33	254.424	70.7107	-2.86432	-1.87628e-14
7.51	531.037	254.395	70.7107	-2.96242	-1.87628e-14
7.52	531.744	254.365	70.7107	-3.06052	-1.87628e-14
7.53	532.451	254.333	70.7107	-3.15862	-1.87628e-14
7.54	533.159	254.301	70.7107	-3.25672	-1.87628e-14
7.55	533.866	254.268	70.7107	-3.35482	-1.87628e-14
7.56	534.573	254.234	70.7107	-3.45292	-1.84297e-14
7.57	535.28	254.199	70.7107	-3.55102	-1.84297e-14
7.58	535.987	254.163	70.7107	-3.64912	-1.84297e-14
7.59	536.694	254.126	70.7107	-3.74722	-1.84297e-14
7.6	537.401	254.088	70.7107	-3.84532	-1.86517e-14
7.61	538.108	254.049	70.7107	-3.94342	-1.84297e-14
7.62	538.815	254.009	70.7107	-4.04152	-1.87628e-14
7.63	539.522	253.969	70.7107	-4.13962	-1.86517e-14
7.64	540.23	253.927	70.7107	-4.23772	-1.87628e-14
7.65	540.937	253.884	70.7107	-4.33582	-1.87628e-14
7.66	541.644	253.84	70.7107	-4.43392	-1.87628e-14
7.67	542.351	253.795	70.7107	-4.53202	-1.88738e-14
7.68	543.058	253.749	70.7107	-4.63012	-1.87628e-14
7.69	543.765	253.703	70.7107	-4.72822	-1.90958e-14
7.7	544.472	253.655	70.7107	-4.82632	-1.87628e-14
7.71	545.179	253.606	70.7107	-4.92442	-1.87628e-14
7.72	545.886	253.556	70.7107	-5.02252	-1.87628e-14
7.73	546.594	253.506	70.7107	-5.12062	-1.88738e-14
7.74	547.301	253.454	70.7107	-5.21872	-1.87628e-14
7.75	548.008	253.401	70.7107	-5.31682	-1.87628e-14
7.76	548.715	253.348	70.7107	-5.41492	-1.87628e-14
7.77	549.422	253.293	70.7107	-5.51302	-1.84297e-14
7.78	550.129	253.237	70.7107	-5.61112	-1.86517e-14
7.79	550.836	253.181	70.7107	-5.70922	-1.84297e-14
7.8	551.543	253.123	70.7107	-5.80732	-1.83187e-14
7.81	552.25	253.065	70.7107	-5.90542	-1.86517e-14
7.82	552.958	253.005	70.7107	-6.00352	-1.84297e-14
7.83	553.665	252.944	70.7107	-6.10162	-1.87628e-14
7.84	554.372	252.883	70.7107	-6.19972	-1.87628e-14
7.85	555.079	252.82	70.7107	-6.29782	-1.87628e-14
7.86	555.786	252.757	70.7107	-6.39592	-1.87628e-14
7.87	556.493	252.693	70.7107	-6.49402	-1.88738e-14
7.88	557.2	252.627	70.7107	-6.59212	-1.88738e-14
7.89	557.907	252.561	70.7107	-6.69022	-1.87628e-14
7.9	558.614	252.493	70.7107	-6.78832	-1.87628e-14
7.91	559.321	252.425	70.7107	-6.88642	-1.87628e-14
7.92	560.029	252.356	70.7107	-6.98452	-1.87628e-14
7.93	560.736	252.285	70.7107	-7.08262	-1.87628e-14
7.94	561.443	252.214	70.7107	-7.18072	-1.87628e-14
7.95	562.15	252.142	70.7107	-7.27882	-1.87628e-14
7.96	562.857	252.068	70.7107	-7.37692	-1.87628e-14
7.97	563.564	251.994	70.7107	-7.47502	-1.86517e-14
7.98	564.271	251.919	70.7107	-7.57312	-1.84297e-14
7.99	564.978	251.843	70.7107	-7.67122	-1.84297e-14
8	565.685	251.765	70.7107	-7.76932	-1.84297e-14
8.01	566.393	251.687	70.7107	-7.86742	-1.84297e-14
8.02	567.1	251.608	70.7107	-7.96552	-1.84297e-14
8.03	567.807	251.528	70.7107	-8.06362	-1.84297e-14
8.04	568.514	251.447	70.7107	-8.16172	-1.86517e-14
8.05	569.221	251.365	70.7107	-8.25982	-1.87628e-14
8.06	569.928	251.282	70.7107	-8.35792	-1.87628e-14
8.07	570.635	251.198	70.7107	-8.45602	-1.87628e-14
8.08	571.342	251.112	70.7107	-8.55412	-1.88738e-14
8.09	572.049	251.026	70.7107	-8.65222	-1.87628e-14
8.1	572.756	250.939	70.7107	-8.75032	-1.87628e-14
8.11	573.464	250.851	70.7107	-8.84842	-1.87628e-14
8.12	574.171	250.762	70.7107	-8.94652	-1.87628e-14
8.13	574.878	250.673	70.7107	-9.04462	-1.87628e-14
8.14	575.585	250.582	70.7107	-9.14272	-1.87628e-14
8.15	576.292	250.49	70.7107	-9.24082	-1.87628e-14
8.16	576.999	250.397	70.7107	-9.33892	-1.87628e-14
8.17	577.706	250.303	70.7107	-9.43702	-1.87628e-14
8.18	578.413	250.208	70.7107	-9.53512	-1.87628e-14
8.19	579.12	250.112	70.7107	-9.63322	-1.84297e-14
8.2	579.828	250.015	70.7107	-9.73132	-1.86517e-14
8.21	580.535	249.918	70.7107	-9.82942	-1.84297e-14
8.22	581.242	249.819	70.7107	-9.92752	-1.84297e-14
8.23	581.949	249.719	70.7107	-10.0256	-1.86517e-14
8.24	582.656	249.618	70.7107	-10.1237	-1.87628e-14
8.25	583.363	249.517	70.7107	-10.2218	-1.86517e-14
8.26	584.07	249.414	70.7107	-10.3199	-1.88738e-14
8.27	584.777	249.31	70.7107	-10.418	-1.87628e-14
8.28	585.484	249.205	70.7107	-10.5161	-1.88738e-14
8.29	586.192	249.1	70.7107	-10.6142	-1.88738e-14
8.3	586.899	248.993	70.7107	-10.7123	-1.90958e-14
8.31	587.606	248.886	70.7107	-10.8104	-1.87628e-14
8.32	588.313	248.777	70.7107	-10.9085	-1.90958e-14
8.33	589.02	248.667	70.7107	-11.0066	-1.88738e-14
8.34	589.727	248.557	70.7107	-11.1047	-1.90958e-14
8.35	590.434	248.445	70.7107	-11.2028	-1.88738e-14
8.36	591.141	248.333	70.7107	-11.3009	-1.88738e-14
8.37	591.848	248.219	70.7107	-11.399	-1.90958e-14
8.38	592.555	248.105	70.7107	-11.4971	-1.88738e-14
8.39	593.263	247.989	70.7107	-11.5952	-1.87628e-14
8.4	593.97	247.873	70.7107	-11.6933	-1.86517e-14
8.41	594.677	247.755	70.7107	-11.7914	-1.84297e-14
8.42	595.384	247.637	70.7107	-11.8895	-1.87628e-14
8.43	596.091	247.518	70.7107	-11.9876	-1.87628e-14
8.44	596.798	247.397	70.7107	-12.0857	-1.87628e-14
8.45	597.505	247.276	70.7107	-12.1838	-1.87628e-14
8.46	598.212	247.154	70.7107	-12.2819	-1.90958e-14
8.47	598.919	247.03	70.7107	-12.38	-1.88738e-14
8.48	599.627	246.906	70.7107	-12.4781	-1.90958e-14
8.49	600.334	246.781	70.7107	-12.5762	-1.90958e-14
8.5	601.041	246.655	70.7107	-12.6743	-1.90958e-14
8.51	601.748	246.527	70.7107	-12.7724	-1.87628e-14
8.52	602.455	246.399	70.7107	-12.8705	-1.90958e-14
8.53	603.162	246.27	70.7107	-12.9686	-1.90958e-14
8.54	603.869	246.14	70.7107	-13.0667	-1.90958e-14
8.55	604.576	246.009	70.7107	-13.1648	-1.90958e-14
8.56	605.283	245.876	70.7107	-13.2629	-1.90958e-14
8.57	605.991	245.743	70.7107	-13.361	-1.90958e-14
8.58	606.698	245.609	70.7107	-13.4591	-1.88738e-14
8.59	607.405	245.474	70.7107	-13.5572	-1.90958e-14
8.6	608.112	245.338	70.7107	-13.6553	-1.88738e-14
8.61	608.819	245.201	70.7107	-13.7534	-1.87628e-14
8.62	609.526	245.063	70.7107	-13.8515	-1.87628e-14
8.63	610.233	244.924	70.7107	-13.9496	-1.87628e-14
8.64	610.94	244.784	70.7107	-14.0477	-1.87628e-14
8.65	611.647	244.643	70.7107	-14.1458	-1.87628e-14
8.66	612.354	244.501	70.7107	-14.2439	-1.87628e-14
8.67	613.062	244.358	70.7107	-14.342	-1.90958e-14
8.68	613.769	244.214	70.7107	-14.4401	-1.90958e-14
8.69	614.476	244.069	70.7107	-14.5382	-1.90958e-14
8.7	615.183	243.923	70.7107	-14.6363	-1.90958e-14
8.71	615.89	243.777	70.7107	-14.7344	-1.92069e-14
8.72	616.597	243.629	70.7107	-14.8325	-1.92069e-14
8.73	617.304	243.48	70.7107	-14.9306	-1.90958e-14
8.74	618.011	243.33	70.7107	-15.0287	-1.93179e-14
8.75	618.718	243.179	70.7107	-15.1268	-1.90958e-14
8.76	619.426	243.028	70.7107	-15.2249	-1.90958e-14
8.77	620.133	242.875	70.7107	-15.323	-1.90958e-14
8.78	620.84	242.721	70.7107	-15.4211	-1.90958e-14
8.79	621.547	242.566	70.7107	-15.5192	-1.90958e-14
8.8	622.254	242.411	70.7107	-15.6173	-1.90958e-14
8.81	622.961	242.254	70.7107	-15.7154	-1.90958e-14
8.82	623.668	242.096	70.7107	-15.8135	-1.87628e-14
8.83	624.375	241.938	70.7107	-15.9116	-1.87628e-14
8.84	625.082	241.778	70.7107	-16.0097	-1.87628e-14
8.85	625.79	241.618	70.7107	-16.1078	-1.87628e-14
8.86	626.497	241.456	70.7107	-16.2059	-1.87628e-14
8.87	627.204	241.294	70.7107	-16.304	-1.90958e-14
8.88	627.911	241.13	70.7107	-16.4021	-1.90958e-14
8.89	628.618	240.965	70.7107	-16.5002	-1.90958e-14
8.9	629.325	240.8	70.7107	-16.5983	-1.92069e-14
8.91	630.032	240.634	70.7107	-16.6964	-1.90958e-14
8.92	630.739	240.466	70.7107	-16.7945	-1.92069e-14
8.93	631.446	240.298	70.7107	-16.8926	-1.92069e-14
8.94	632.153	240.128	70.7107	-16.9907	-1.93179e-14
8.95	632.861	239.958	70.7107	-17.0888	-1.93179e-14
8.96	633.568	239.786	70.7107	-17.1869	-1.93179e-14
8.97	634.275	239.614	70.7107	-17.285	-1.93179e-14
8.98	634.982	239.441	70.7107	-17.3831	-1.93179e-14
8.99	635.689	239.266	70.7107	-17.4812	-1.93179e-14
9	636.396	239.091	70.7107	-17.5793	-1.93179e-14
9.01	637.103	238.915	70.7107	-17.6774	-1.93179e-14
9.02	637.81	238.738	70.7107	-17.7755	-1.90958e-14
9.03	638.517	238.559	70.7107	-17.8736	-1.93179e-14
9.04	639.225	238.38	70.7107	-17.9717	-1.92069e-14
9.05	639.932	238.2	70.7107	-18.0698	-1.90958e-14
9.06	640.639	238.019	70.7107	-18.1679	-1.93179e-14
9.07	641.346	237.837	70.7107	-18.266	-1.92069e-14
9.08	642.053	237.653	70.7107	-18.3641	-1.95399e-14
9.09	642.76	237.469	70.7107	-18.4622	-1.93179e-14
9.1	643.467	237.284	70.7107	-18.5603	-1.95399e-14
9.11	644.174	237.098	70.7107	-18.6584	-1.95399e-14
9.12	644.881	236.911	70.7107	-18.7565	-1.95399e-14
9.13	645.588	236.723	70.7107	-18.8546	-1.96509e-14
9.14	646.296	236.534	70.7107	-18.9527	-1.96509e-14
9.15	647.003	236.344	70.7107	-19.0508	-1.96509e-14
9.16	647.71	236.153	70.7107	-19.1489	-1.96509e-14
9.17	648.417	235.961	70.7107	-19.247	-1.96509e-14
9.18	649.124	235.768	70.7107	-19.3451	-1.96509e-14
9.19	649.831	235.574	70.7107	-19.4432	-1.96509e-14
9.2	650.538	235.379	70.7107	-19.5413	-1.9762e-14
9.21	651.245	235.183	70.7107	-19.6394	-1.96509e-14
9.22	651.952	234.986	70.7107	-19.7375	-1.96509e-14
9.23	652.66	234.788	70.7107	-19.8356	-1.96509e-14
9.24	653.367	234.59	70.7107	-19.9337	-1.96509e-14
9.25	654.074	234.39	70.7107	-20.0318	-1.95399e-14
9.26	654.781	234.189	70.7107	-20.1299	-1.96509e-14
9.27	655.488	233.987	70.7107	-20.228	-1.95399e-14
9.28	656.195	233.784	70.7107	-20.3261	-1.96509e-14
9.29	656.902	233.581	70.7107	-20.4242	-1.9984e-14
9.3	657.609	233.376	70.7107	-20.5223	-1.9984e-14
9.31	658.316	233.17	70.7107	-20.6204	-1.9984e-14
9.32	659.024	232.963	70.7107	-20.7185	-1.9984e-14
9.33	659.731	232.756	70.7107	-20.8166	-1.9984e-14
9.34	660.438	232.547	70.7107	-20.9147	-2.02061e-14
9.35	661.145	232.337	70.7107	-21.0128	-1.9984e-14
9.36	661.852	232.127	70.7107	-21.1109	-1.9984e-14
9.37	662.559	231.915	70.7107	-21.209	-2.0095e-14
9.38	663.266	231.703	70.7107	-21.3071	-2.02061e-14
9.39	663.973	231.489	70.7107	-21.4052	-2.0095e-14
9.4	664.68	231.275	70.7107	-21.5033	-2.02061e-14
9.41	665.387	231.059	70.7107	-21.6014	-2.02061e-14
9.42	666.095	230.843	70.7107	-21.6995	-2.02061e-14
9.43	666.802	230.625	70.7107	-21.7976	-2.02061e-14
9.44	667.509	230.407	70.7107	-21.8957	-2.02061e-14
9.45	668.216	230.187	70.7107	-21.9938	-1.9984e-14
9.46	668.923	229.967	70.7107	-22.0919	-2.0095e-14
9.47	669.63	229.745	70.7107	-22.19	-1.9984e-14
9.48	670.337	229.523	70.7107	-22.2881	-2.02061e-14
9.49	671.044	229.3	70.7107	-22.3862	-2.0095e-14
9.5	671.751	229.075	70.7107	-22.4843	-2.02061e-14
9.51	672.459	228.85	70.7107	-22.5824	-2.02061e-14
9.52	673.166	228.624	70.7107	-22.6805	-2.05391e-14
9.53	673.873	228.396	70.7107	-22.7786	-2.05391e-14
9.54	674.58	228.168	70.7107	-22.8767	-2.05391e-14
9.55	675.287	227.939	70.7107	-22.9748	-2.05391e-14
9.56	675.994	227.708	70.7107	-23.0729	-2.05391e-14
9.57	676.701	227.477	70.7107	-23.171	-2.05391e-14
9.58	677.408	227.245	70.7107	-23.2691	-2.06501e-14
9.59	678.115	227.012	70.7107	-23.3672	-2.05391e-14
9.6	678.823	226.778	70.7107	-23.4653	-2.05391e-14
9.61	679.53	226.543	70.7107	-23.5634	-2.05391e-14
9.62	680.237	226.306	70.7107	-23.6615	-2.07612e-14
9.63	680.944	226.069	70.7107	-23.7596	-2.05391e-14
9.64	681.651	225.831	70.7107	-23.8577	-2.07612e-14
9.65	682.358	225.592	70.7107	-23.9558	-2.04281e-14
9.66	683.065	225.352	70.7107	-24.0539	-2.06501e-14
9.67	683.772	225.111	70.7107	-24.152	-2.05391e-14
9.68	684.479	224.869	70.7107	-24.2501	-2.04281e-14
9.69	685.186	224.626	70.7107	-24.3482	-2.06501e-14
9.7	685.894	224.382	70.7107	-24.4463	-2.05391e-14
9.71	686.601	224.137	70.7107	-24.5444	-2.06501e-14
9.72	687.308	223.891	70.7107	-24.6425	-2.07612e-14
9.73	688.015	223.644	70.7107	-24.7406	-2.07612e-14
9.74	688.722	223.396	70.7107	-24.8387	-2.09832e-14
9.75	689.429	223.148	70.7107	-24.9368	-2.09832e-14
9.76	690.136	222.898	70.7107	-25.0349	-2.10942e-14
9.77	690.843	222.647	70.7107	-25.133	-2.10942e-14
9.78	691.55	222.395	70.7107	-25.2311	-2.10942e-14
9.79	692.258	222.142	70.7107	-25.3292	-2.10942e-14
9.8	692.965	221.888	70.7107	-25.4273	-2.12053e-14
9.81	693.672	221.634	70.7107	-25.5254	-2.10942e-14
9.82	694.379	221.378	70.7107	-25.6235	-2.10942e-14
9.83	695.086	221.121	70.7107	-25.7216	-2.10942e-14
9.84	695.793	220.864	70.7107	-25.8197	-2.10942e-14
9.85	696.5	220.605	70.7107	-25.9178	-2.10942e-14
9.86	697.207	220.345	70.7107	-26.0159	-2.10942e-14
9.87	697.914	220.084	70.7107	-26.114	-2.10942e-14
9.88	698.621	219.823	70.7107	-26.2121	-2.09832e-14
9.89	699.329	219.56	70.7107	-26.3102	-2.10942e-14
9.9	700.036	219.297	70.7107	-26.4083	-2.10942e-14
9.91	700.743	219.032	70.7107	-26.5064	-2.10942e-14
9.92	701.45	218.767	70.7107	-26.6045	-2.10942e-14
9.93	702.157	218.5	70.7107	-26.7026	-2.14273e-14
9.94	702.864	218.232	70.7107	-26.8007	-2.14273e-14
9.95	703.571	217.964	70.7107	-26.8988	-2.14273e-14
9.96	704.278	217.695	70.7107	-26.9969	-2.14273e-14
9.97	704.985	217.424	70.7107	-27.095	-2.16493e-14
9.98	705.693	217.153	70.7107	-27.1931	-2.16493e-14
9.99	706.4	216.88	70.7107	-27.2912	-2.16493e-14
10	707.107	216.607	70.7107	-27.3893	-2.16493e-14
10.01	707.814	216.332	70.7107	-27.4874	-2.18714e-14
10.02	708.521	216.057	70.7107	-27.5855	-2.18714e-14
10.03	709.228	215.781	70.7107	-27.6836	-2.19824e-14
10.04	709.935	215.503	70.7107	-27.7817	-2.16493e-14
10.05	710.642	215.225	70.7107	-27.8798	-2.16493e-14
10.06	711.349	214.946	70.7107	-27.9779	-2.18714e-14
10.07	712.057	214.665	70.7107	-28.076	-2.16493e-14
10.08	712.764	214.384	70.7107	-28.1741	-2.16493e-14
10.09	713.471	214.102	70.7107	-28.2722	-2.16493e-14
10.1	714.178	213.819	70.7107	-28.3703	-2.16493e-14
10.11	714.885	213.535	70.7107	-28.4684	-2.16493e-14
10.12	715.592	213.249	70.7107	-28.5665	-2.16493e-14
10.13	716.299	212.963	70.7107	-28.6646	-2.18714e-14
10.14	717.006	212.676	70.7107	-28.7627	-2.19824e-14
10.15	717.713	212.388	70.7107	-28.8608	-2.19824e-14
10.16	718.42	212.099	70.7107	-28.9589	-2.19824e-14
10.17	719.128	211.809	70.7107	-29.057	-2.20934e-14
10.18	719.835	211.518	70.7107	-29.1551	-2.23155e-14
10.19	720.542	211.226	70.7107	-29.2532	-2.24265e-14
10.2	721.249	210.933	70.7107	-29.3513	-2.23155e-14
10.21	721.956	210.639	70.7107	-29.4494	-2.23155e-14
10.22	722.663	210.344	70.7107	-29.5475	-2.23155e-14
10.23	723.37	210.048	70.7107	-29.6456	-2.24265e-14
10.24	724.077	209.751	70.7107	-29.7437	-2.25375e-14
10.25	724.784	209.453	70.7107	-29.8418	-2.23155e-14
10.26	725.492	209.154	70.7107	-29.9399	-2.24265e-14
10.27	726.199	208.854	70.7107	-30.038	-2.24265e-14
10.28	726.906	208.553	70.7107	-30.1361	-2.23155e-14
10.29	727.613	208.251	70.7107	-30.2342	-2.23155e-14
10.3	728.32	207.949	70.7107	-30.3323	-2.23155e-14
10.31	729.027	207.645	70.7107	-30.4304	-2.20934e-14
10.32	729.734	207.34	70.7107	-30.5285	-2.23155e-14
10.33	730.441	207.034	70.7107	-30.6266	-2.25375e-14
10.34	731.148	206.727	70.7107	-30.7247	-2.24265e-14
10.35	731.856	206.42	70.7107	-30.8228	-2.25375e-14
10.36	732.563	206.111	70.7107	-30.9209	-2.25375e-14
10.37	733.27	205.801	70.7107	-31.019	-2.29816e-14
10.38	733.977	205.491	70.7107	-31.1171	-2.28706e-14
10.39	734.684	205.179	70.7107	-31.2152	-2.28706e-14
10.4	735.391	204.866	70.7107	-31.3133	-2.29816e-14
10.41	736.098	204.553	70.7107	-31.4114	-2.30926e-14
10.42	736.805	204.238	70.7107	-31.5095	-2.29816e-14
10.43	737.512	203.922	70.7107	-31.6076	-2.29816e-14
10.44	738.219	203.606	70.7107	-31.7057	-2.30926e-14
10.45	738.927	203.288	70.7107	-31.8038	-2.30926e-14
10.46	739.634	202.97	70.7107	-31.9019	-2.30926e-14
10.47	740.341	202.65	70.7107	-32	-2.30926e-14
10.48	741.048	202.33	70.7107	-32.0981	-2.28706e-14
10.49	741.755	202.008	70.7107	-32.1962	-2.28706e-14
10.5	742.462	201.686	70.7107	-32.2943	-2.26485e-14
10.51	743.169	201.362	70.7107	-32.3924	-2.28706e-14
10.52	743.876	201.038	70.7107	-32.4905	-2.25375e-14
10.53	744.583	200.713	70.7107	-32.5886	-2.25375e-14
10.54	745.291	200.386	70.7107	-32.6867	-2.28706e-14
10.55	745.998	200.059	70.7107	-32.7848	-2.28706e-14
10.56	746.705	199.731	70.7107	-32.8829	-2.28706e-14
10.57	747.412	199.401	70.7107	-32.981	-2.28706e-14
10.58	748.119	199.071	70.7107	-33.0791	-2.30926e-14
10.59	748.826	198.74	70.7107	-33.1772	-2.28706e-14
10.6	749.533	198.407	70.7107	-33.2753	-2.28706e-14
10.61	750.24	198.074	70.7107	-33.3734	-2.30926e-14
10.62	750.947	197.74	70.7107	-33.4715	-2.28706e-14
10.63	751.655	197.405	70.7107	-33.5696	-2.28706e-14
10.64	752.362	197.069	70.7107	-33.6677	-2.28706e-14
10.65	753.069	196.731	70.7107	-33.7658	-2.28706e-14
10.66	753.776	196.393	70.7107	-33.8639	-2.26485e-14
10.67	754.483	196.054	70.7107	-33.962	-2.28706e-14
10.68	755.19	195.714	70.7107	-34.0601	-2.26485e-14
10.69	755.897	195.373	70.7107	-34.1582	-2.26485e-14
10.7	756.604	195.031	70.7107	-34.2563	-2.26485e-14
10.71	757.311	194.688	70.7107	-34.3544	-2.24265e-14
10.72	758.018	194.344	70.7107	-34.4525	-2.24265e-14
10.73	758.726	193.999	70.7107	-34.5506	-2.24265e-14
10.74	759.433	193.653	70.7107	-34.6487	-2.25375e-14
10.75	760.14	193.306	70.7107	-34.7468	-2.23155e-14
10.76	760.847	192.958	70.7107	-34.8449	-2.25375e-14
10.77	761.554	192.609	70.7107	-34.943	-2.25375e-14
10.78	762.261	192.259	70.7107	-35.0411	-2.25375e-14
10.79	762.968	191.908	70.7107	-35.1392	-2.25375e-14
10.8	763.675	191.556	70.7107	-35.2373	-2.25375e-14
10.81	764.382	191.203	70.7107	-35.3354	-2.25375e-14
10.82	765.09	190.849	70.7107	-35.4335	-2.26485e-14
10.83	765.797	190.495	70.7107	-35.5316	-2.28706e-14
10.84	766.504	190.139	70.7107	-35.6297	-2.25375e-14
10.85	767.211	189.782	70.7107	-35.7278	-2.25375e-14
10.86	767.918	189.424	70.7107	-35.8259	-2.25375e-14
10.87	768.625	189.065	70.7107	-35.924	-2.25375e-14
10.88	769.332	188.706	70.7107	-36.0221	-2.25375e-14
10.89	770.039	188.345	70.7107	-36.1202	-2.23155e-14
10.9	770.746	187.983	70.7107	-36.2183	-2.23155e-14
10.91	771.453	187.621	70.7107	-36.3164	-2.23155e-14
10.92	772.161	187.257	70.7107	-36.4145	-2.20934e-14
10.93	772.868	186.892	70.7107	-36.5126	-2.19824e-14
10.94	773.575	186.527	70.7107	-36.6107	-2.19824e-14
10.95	774.282	186.16	70.7107	-36.7088	-2.19824e-14
10.96	774.989	185.793	70.7107	-36.8069	-2.20934e-14
10.97	775.696	185.424	70.7107	-36.905	-2.19824e-14
10.98	776.403	185.054	70.7107	-37.0031	-2.20934e-14
10.99	777.11	184.684	70.7107	-37.1012	-2.23155e-14
11	777.817	184.312	70.7107	-37.1993	-2.23155e-14
11.01	778.525	183.94	70.7107	-37.2974	-2.23155e-14
11.02	779.232	183.567	70.7107	-37.3955	-2.23155e-14
11.03	779.939	183.192	70.7107	-37.4936	-2.20934e-14
11.04	780.646	182.817	70.7107	-37.5917	-2.23155e-14
11.05	781.353	182.44	70.7107	-37.6898	-2.20934e-14
11.06	782.06	182.063	70.7107	-37.7879	-2.20934e-14
11.07	782.767	181.684	70.7107	-37.886	-2.23155e-14
11.08	783.474	181.305	70.7107	-37.9841	-2.23155e-14
11.09	784.181	180.925	70.7107	-38.0822	-2.23155e-14
11.1	784.889	180.543	70.7107	-38.1803	-2.19824e-14
11.11	785.596	180.161	70.7107	-38.2784	-2.19824e-14
11.12	786.303	179.778	70.7107	-38.3765	-2.16493e-14
11.13	787.01	179.394	70.7107	-38.4746	-2.16493e-14
11.14	787.717	179.008	70.7107	-38.5727	-2.16493e-14
11.15	788.424	178.622	70.7107	-38.6708	-2.16493e-14
11.16	789.131	178.235	70.7107	-38.7689	-2.16493e-14
11.17	789.838	177.847	70.7107	-38.867	-2.16493e-14
11.18	790.545	177.458	70.7107	-38.9651	-2.18714e-14
11.19	791.252	177.068	70.7107	-39.0632	-2.19824e-14
11.2	791.96	176.676	70.7107	-39.1613	-2.18714e-14
11.21	792.667	176.284	70.7107	-39.2594	-2.19824e-14
11.22	793.374	175.891	70.7107	-39.3575	-2.19824e-14
11.23	794.081	175.497	70.7107	-39.4556	-2.19824e-14
11.24	794.788	175.102	70.7107	-39.5537	-2.18714e-14
11.25	795.495	174.706	70.7107	-39.6518	-2.16493e-14
11.26	796.202	174.309	70.7107	-39.7499	-2.16493e-14
11.27	796.909	173.911	70.7107	-39.848	-2.18714e-14
11.28	797.616	173.512	70.7107	-39.9461	-2.16493e-14
11.29	798.324	173.112	70.7107	-40.0442	-2.16493e-14
11.3	799.031	172.711	70.7107	-40.1423	-2.16493e-14
11.31	799.738	172.309	70.7107	-40.2404	-2.16493e-14
11.32	800.445	171.906	70.7107	-40.3385	-2.16493e-14
11.33	801.152	171.503	70.7107	-40.4366	-2.15383e-14
11.34	801.859	171.098	70.7107	-40.5347	-2.14273e-14
11.35	802.566	170.692	70.7107	-40.6328	-2.14273e-14
11.36	803.273	170.285	70.7107	-40.7309	-2.10942e-14
11.37	803.98	169.877	70.7107	-40.829	-2.14273e-14
11.38	804.688	169.468	70.7107	-40.9271	-2.14273e-14
11.39	805.395	169.059	70.7107	-41.0252	-2.12053e-14
11.4	806.102	168.648	70.7107	-41.1233	-2.14273e-14
11.41	806.809	168.236	70.7107	-41.2214	-2.12053e-14
11.42	807.516	167.824	70.7107	-41.3195	-2.14273e-14
11.43	808.223	167.41	70.7107	-41.4176	-2.14273e-14
11.44	808.93	166.995	70.7107	-41.5157	-2.14273e-14
11.45	809.637	166.58	70.7107	-41.6138	-2.14273e-14
11.46	810.344	166.163	70.7107	-41.7119	-2.12053e-14
11.47	811.051	165.745	70.7107	-41.81	-2.14273e-14
11.48	811.759	165.327	70.7107	-41.9081	-2.12053e-14
11.49	812.466	164.907	70.7107	-42.0062	-2.14273e-14
11.5	813.173	164.487	70.7107	-42.1043	-2.14273e-14
11.51	813.88	164.065	70.7107	-42.2024	-2.14273e-14
11.52	814.587	163.642	70.7107	-42.3005	-2.10942e-14
11.53	815.294	163.219	70.7107	-42.3986	-2.09832e-14
11.54	816.001	162.795	70.7107	-42.4967	-2.09832e-14
11.55	816.708	162.369	70.7107	-42.5948	-2.09832e-14
11.56	817.415	161.943	70.7107	-42.6929	-2.09832e-14
11.57	818.123	161.515	70.7107	-42.791	-2.07612e-14
11.58	818.83	161.087	70.7107	-42.8891	-2.09832e-14
11.59	819.537	160.657	70.7107	-42.9872	-2.07612e-14
11.6	820.244	160.227	70.7107	-43.0853	-2.09832e-14
11.61	820.951	159.796	70.7107	-43.1834	-2.10942e-14
11.62	821.658	159.363	70.7107	-43.2815	-2.10942e-14
11.63	822.365	158.93	70.7107	-43.3796	-2.10942e-14
11.64	823.072	158.496	70.7107	-43.4777	-2.10942e-14
11.65	823.779	158.061	70.7107	-43.5758	-2.09832e-14
11.66	824.487	157.624	70.7107	-43.6739	-2.10942e-14
11.67	825.194	157.187	70.7107	-43.772	-2.10942e-14
11.68	825.901	156.749	70.7107	-43.8701	-2.09832e-14
11.69	826.608	156.31	70.7107	-43.9682	-2.07612e-14
11.7	827.315	155.869	70.7107	-44.0663	-2.07612e-14
11.71	828.022	155.428	70.7107	-44.1644	-2.09832e-14
11.72	828.729	154.986	70.7107	-44.2625	-2.06501e-14
11.73	829.436	154.543	70.7107	-44.3606	-2.06501e-14
11.74	830.143	154.099	70.7107	-44.4587	-2.06501e-14
11.75	830.85	153.654	70.7107	-44.5568	-2.05391e-14
11.76	831.558	153.208	70.7107	-44.6549	-2.04281e-14
11.77	832.265	152.761	70.7107	-44.753	-2.05391e-14
11.78	832.972	152.313	70.7107	-44.8511	-2.05391e-14
11.79	833.679	151.864	70.7107	-44.9492	-2.05391e-14
11.8	834.386	151.414	70.7107	-45.0473	-2.06501e-14
11.81	835.093	150.963	70.7107	-45.1454	-2.06501e-14
11.82	835.8	150.511	70.7107	-45.2435	-2.07612e-14
11.83	836.507	150.058	70.7107	-45.3416	-2.06501e-14
11.84	837.214	149.604	70.7107	-45.4397	-2.07612e-14
11.85	837.922	149.149	70.7107	-45.5378	-2.07612e-14
11.86	838.629	148.693	70.7107	-45.6359	-2.07612e-14
11.87	839.336	148.236	70.7107	-45.734	-2.07612e-14
11.88	840.043	147.779	70.7107	-45.8321	-2.06501e-14
11.89	840.75	147.32	70.7107	-45.9302	-2.06501e-14
11.9	841.457	146.86	70.7107	-46.0283	-2.06501e-14
11.91	842.164	146.399	70.7107	-46.1264	-2.05391e-14
11.92	842.871	145.937	70.7107	-46.2245	-2.04281e-14
11.93	843.578	145.475	70.7107	-46.3226	-2.05391e-14
11.94	844.285	145.011	70.7107	-46.4207	-2.04281e-14
11.95	844.993	144.546	70.7107	-46.5188	-2.02061e-14
11.96	845.7	144.081	70.7107	-46.6169	-2.02061e-14
11.97	846.407	143.614	70.7107	-46.715	-1.9984e-14
11.98	847.114	143.146	70.7107	-46.8131	-2.0095e-14
11.99	847.821	142.678	70.7107	-46.9112	-2.02061e-14
12	848.528	142.208	70.7107	-47.0093	-2.02061e-14
12.01	849.235	141.738	70.7107	-47.1074	-2.02061e-14
12.02	849.942	141.266	70.7107	-47.2055	-2.02061e-14
12.03	850.649	140.793	70.7107	-47.3036	-2.04281e-14
12.04	851.357	140.32	70.7107	-47.4017	-2.02061e-14
12.05	852.064	139.845	70.7107	-47.4998	-2.02061e-14
12.06	852.771	139.37	70.7107	-47.5979	-2.04281e-14
12.07	853.478	138.893	70.7107	-47.696	-2.02061e-14
12.08	854.185	138.416	70.7107	-47.7941	-2.02061e-14
12.09	854.892	137.938	70.7107	-47.8922	-2.02061e-14
12.1	855.599	137.458	70.7107	-47.9903	-2.0095e-14
12.11	856.306	136.978	70.7107	-48.0884	-2.0095e-14
12.12	857.013	136.496	70.7107	-48.1865	-1.9984e-14
12.13	857.721	136.014	70.7107	-48.2846	-1.9984e-14
12.14	858.428	135.531	70.7107	-48.3827	-1.9984e-14
12.15	859.135	135.046	70.7107	-48.4808	-1.9984e-14
12.16	859.842	134.561	70.7107	-48.5789	-1.96509e-14
12.17	860.549	134.075	70.7107	-48.677	-1.9762e-14
12.18	861.256	133.588	70.7107	-48.7751	-1.96509e-14
12.19	861.963	133.099	70.7107	-48.8732	-1.96509e-14
12.2	862.67	132.61	70.7107	-48.9713	-1.96509e-14
12.21	863.377	132.12	70.7107	-49.0694	-1.96509e-14
12.22	864.084	131.629	70.7107	-49.1675	-1.96509e-14
12.23	864.792	131.137	70.7107	-49.2656	-1.9984e-14
12.24	865.499	130.643	70.7107	-49.3637	-1.96509e-14
12.25	866.206	130.149	70.7107	-49.4618	-1.9762e-14
12.26	866.913	129.654	70.7107	-49.5599	-1.9762e-14
12.27	867.62	129.158	70.7107	-49.658	-1.96509e-14
12.28	868.327	128.661	70.7107	-49.7561	-1.96509e-14
12.29	869.034	128.163	70.7107	-49.8542	-1.9762e-14
12.3	869.741	127.664	70.7107	-49.9523	-1.9762e-14
12.31	870.448	127.164	70.7107	-50.0504	-1.96509e-14
12.32	871.156	126.663	70.7107	-50.1485	-1.96509e-14
12.33	871.863	126.161	70.7107	-50.2466	-1.9984e-14
12.34	872.57	125.658	70.7107	-50.3447	-1.9762e-14
12.35	873.277	125.154	70.7107	-50.4428	-1.95399e-14
12.36	873.984	124.649	70.7107	-50.5409	-1.9762e-14
12.37	874.691	124.143	70.7107	-50.639	-1.96509e-14
12.38	875.398	123.636	70.7107	-50.7371	-1.96509e-14
12.39	876.105	123.128	70.7107	-50.8352	-1.96509e-14
12.4	876.812	122.62	70.7107	-50.9333	-1.95399e-14
12.41	877.52	122.11	70.7107	-51.0314	-1.96509e-14
12.42	878.227	121.599	70.7107	-51.1295	-1.95399e-14
12.43	878.934	121.087	70.7107	-51.2276	-1.93179e-14
12.44	879.641	120.574	70.7107	-51.3257	-1.96509e-14
12.45	880.348	120.061	70.7107	-51.4238	-1.93179e-14
12.46	881.055	119.546	70.7107	-51.5219	-1.93179e-14
12.47	881.762	119.03	70.7107	-51.62	-1.93179e-14
12.48	882.469	118.514	70.7107	-51.7181	-1.93179e-14
12.49	883.176	117.996	70.7107	-51.8162	-1.93179e-14
12.5	883.883	117.477	70.7107	-51.9143	-1.93179e-14
12.51	884.591	116.958	70.7107	-52.0124	-1.93179e-14
12.52	885.298	116.437	70.7107	-52.1105	-1.93179e-14
12.53	886.005	115.915	70.7107	-52.2086	-1.92069e-14
12.54	886.712	115.393	70.7107	-52.3067	-1.93179e-14
12.55	887.419	114.869	70.7107	-52.4048	-1.92069e-14
12.56	888.126	114.345	70.7107	-52.5029	-1.93179e-14
12.57	888.833	113.819	70.7107	-52.601	-1.93179e-14
12.58	889.54	113.293	70.7107	-52.6991	-1.93179e-14
12.59	890.247	112.765	70.7107	-52.7972	-1.90958e-14
12.6	890.955	112.237	70.7107	-52.8953	-1.92069e-14
12.61	891.662	111.707	70.7107	-52.9934	-1.93179e-14
12.62	892.369	111.177	70.7107	-53.0915	-1.90958e-14
12.63	893.076	110.645	70.7107	-53.1896	-1.90958e-14
12.64	893.783	110.113	70.7107	-53.2877	-1.88738e-14
12.65	894.49	109.58	70.7107	-53.3858	-1.90958e-14
12.66	895.197	109.045	70.7107	-53.4839	-1.90958e-14
12.67	895.904	108.51	70.7107	-53.582	-1.87628e-14
12.68	896.611	107.974	70.7107	-53.6801	-1.88738e-14
12.69	897.319	107.436	70.7107	-53.7782	-1.88738e-14
12.7	898.026	106.898	70.7107	-53.8763	-1.88738e-14
12.71	898.733	106.359	70.7107	-53.9744	-1.90958e-14
12.72	899.44	105.819	70.7107	-54.0725	-1.88738e-14
12.73	900.147	105.277	70.7107	-54.1706	-1.87628e-14
12.74	900.854	104.735	70.7107	-54.2687	-1.87628e-14
12.75	901.561	104.192	70.7107	-54.3668	-1.87628e-14
12.76	902.268	103.648	70.7107	-54.4649	-1.86517e-14
12.77	902.975	103.103	70.7107	-54.563	-1.88738e-14
12.78	903.682	102.557	70.7107	-54.6611	-1.88738e-14
12.79	904.39	102.01	70.7107	-54.7592	-1.87628e-14
12.8	905.097	101.461	70.7107	-54.8573	-1.87628e-14
12.81	905.804	100.912	70.7107	-54.9554	-1.86517e-14
12.82	906.511	100.362	70.7107	-55.0535	-1.86517e-14
12.83	907.218	99.8113	70.7107	-55.1516	-1.86517e-14
12.84	907.925	99.2593	70.7107	-55.2497	-1.84297e-14
12.85	908.632	98.7064	70.7107	-55.3478	-1.84297e-14
12.86	909.339	98.1524	70.7107	-55.4459	-1.86517e-14
12.87	910.046	97.5974	70.7107	-55.544	-1.84297e-14
12.88	910.754	97.0415	70.7107	-55.6421	-1.84297e-14
12.89	911.461	96.4846	70.7107	-55.7402	-1.84297e-14
12.9	912.168	95.9267	70.7107	-55.8383	-1.83187e-14
12.91	912.875	95.3678	70.7107	-55.9364	-1.82077e-14
12.92	913.582	94.808	70.7107	-56.0345	-1.83187e-14
12.93	914.289	94.2471	70.7107	-56.1326	-1.82077e-14
12.94	914.996	93.6853	70.7107	-56.2307	-1.82077e-14
12.95	915.703	93.1225	70.7107	-56.3288	-1.82077e-14
12.96	916.41	92.5587	70.7107	-56.4269	-1.82077e-14
12.97	917.117	91.994	70.7107	-56.525	-1.82077e-14
12.98	917.825	91.4282	70.7107	-56.6231	-1.82077e-14
12.99	918.532	90.8615	70.7107	-56.7212	-1.82077e-14
13	919.239	90.2938	70.7107	-56.8193	-1.83187e-14
13.01	919.946	89.7251	70.7107	-56.9174	-1.78746e-14
13.02	920.653	89.1555	70.7107	-57.0155	-1.78746e-14
13.03	921.36	88.5848	70.7107	-57.1136	-1.78746e-14
13.04	922.067	88.0132	70.7107	-57.2117	-1.80966e-14
13.05	922.774	87.4406	70.7107	-57.3098	-1.82077e-14
13.06	923.481	86.867	70.7107	-57.4079	-1.78746e-14
13.07	924.189	86.2924	70.7107	-57.506	-1.80966e-14
13.08	924.896	85.7169	70.7107	-57.6041	-1.78746e-14
13.09	925.603	85.1403	70.7107	-57.7022	-1.78746e-14
13.1	926.31	84.5628	70.7107	-57.8003	-1.77636e-14
13.11	927.017	83.9843	70.7107	-57.8984	-1.78746e-14
13.12	927.724	83.4049	70.7107	-57.9965	-1.78746e-14
13.13	928.431	82.8244	70.7107	-58.0946	-1.77636e-14
13.14	929.138	82.243	70.7107	-58.1927	-1.76525e-14
13.15	929.845	81.6606	70.7107	-58.2908	-1.78746e-14
13.16	930.553	81.0772	70.7107	-58.3889	-1.74305e-14
13.17	931.26	80.4928	70.7107	-58.487	-1.76525e-14
13.18	931.967	79.9074	70.7107	-58.5851	-1.76525e-14
13.19	932.674	79.3211	70.7107	-58.6832	-1.74305e-14
13.2	933.381	78.7338	70.7107	-58.7813	-1.78746e-14
13.21	934.088	78.1454	70.7107	-58.8794	-1.76525e-14
13.22	934.795	77.5562	70.7107	-58.9775	-1.76525e-14
13.23	935.502	76.9659	70.7107	-59.0756	-1.74305e-14
13.24	936.209	76.3747	70.7107	-59.1737	-1.76525e-14
13.25	936.916	75.7824	70.7107	-59.2718	-1.74305e-14
13.26	937.624	75.1892	70.7107	-59.3699	-1.73195e-14
13.27	938.331	74.595	70.7107	-59.468	-1.74305e-14
13.28	939.038	73.9999	70.7107	-59.5661	-1.73195e-14
13.29	939.745	73.4037	70.7107	-59.6642	-1.73195e-14
13.3	940.452	72.8066	70.7107	-59.7623	-1.74305e-14
13.31	941.159	72.2085	70.7107	-59.8604	-1.73195e-14
13.32	941.866	71.6094	70.7107	-59.9585	-1.73195e-14
13.33	942.573	71.0093	70.7107	-60.0566	-1.74305e-14
13.34	943.28	70.4082	70.7107	-60.1547	-1.74305e-14
13.35	943.988	69.8062	70.7107	-60.2528	-1.73195e-14
13.36	944.695	69.2032	70.7107	-60.3509	-1.72085e-14
13.37	945.402	68.5992	70.7107	-60.449	-1.72085e-14
13.38	946.109	67.9942	70.7107	-60.5471	-1.69864e-14
13.39	946.816	67.3882	70.7107	-60.6452	-1.69864e-14
13.4	947.523	66.7813	70.7107	-60.7433	-1.73195e-14
13.41	948.23	66.1734	70.7107	-60.8414	-1.68754e-14
13.42	948.937	65.5645	70.7107	-60.9395	-1.72085e-14
13.43	949.644	64.9546	70.7107	-61.0376	-1.69864e-14
13.44	950.352	64.3437	70.7107	-61.1357	-1.72085e-14
13.45	951.059	63.7319	70.7107	-61.2338	-1.69864e-14
13.46	951.766	63.119	70.7107	-61.3319	-1.69864e-14
13.47	952.473	62.5052	70.7107	-61.43	-1.69864e-14
13.48	953.18	61.8904	70.7107	-61.5281	-1.67644e-14
13.49	953.887	61.2747	70.7107	-61.6262	-1.68754e-14
13.5	954.594	60.6579	70.7107	-61.7243	-1.68754e-14
13.51	955.301	60.0402	70.7107	-61.8224	-1.68754e-14
13.52	956.008	59.4215	70.7107	-61.9205	-1.67644e-14
13.53	956.715	58.8018	70.7107	-62.0186	-1.69864e-14
13.54	957.423	58.1811	70.7107	-62.1167	-1.67644e-14
13.55	958.13	57.5594	70.7107	-62.2148	-1.68754e-14
13.56	958.837	56.9368	70.7107	-62.3129	-1.65423e-14
13.57	959.544	56.3132	70.7107	-62.411	-1.67644e-14
13.58	960.251	55.6886	70.7107	-62.5091	-1.67644e-14
13.59	960.958	55.063	70.7107	-62.6072	-1.65423e-14
13.6	961.665	54.4364	70.7107	-62.7053	-1.64313e-14
13.61	962.372	53.8089	70.7107	-62.8034	-1.63203e-14
13.62	963.079	53.1804	70.7107	-62.9015	-1.64313e-14
13.63	963.787	52.5508	70.7107	-62.9996	-1.63203e-14
13.64	964.494	51.9204	70.7107	-63.0977	-1.63203e-14
13.65	965.201	51.2889	70.7107	-63.1958	-1.65423e-14
13.66	965.908	50.6564	70.7107	-63.2939	-1.63203e-14
13.67	966.615	50.023	70.7107	-63.392	-1.64313e-14
13.68	967.322	49.3886	70.7107	-63.4901	-1.63203e-14
13.69	968.029	48.7532	70.7107	-63.5882	-1.63203e-14
13.7	968.736	48.1168	70.7107	-63.6863	-1.60982e-14
13.71	969.443	47.4795	70.7107	-63.7844	-1.60982e-14
13.72	970.151	46.8412	70.7107	-63.8825	-1.60982e-14
13.73	970.858	46.2018	70.7107	-63.9806	-1.60982e-14
13.74	971.565	45.5615	70.7107	-64.0787	-1.58762e-14
13.75	972.272	44.9203	70.7107	-64.1768	-1.57652e-14
13.76	972.979	44.278	70.7107	-64.2749	-1.55431e-14
13.77	973.686	43.6348	70.7107	-64.373	-1.54321e-14
13.78	974.393	42.9905	70.7107	-64.4711	-1.4877e-14
13.79	975.1	42.3453	70.7107	-64.5692	-1.4877e-14
13.8	975.807	41.6992	70.7107	-64.6673	-1.4877e-14
13.81	976.514	41.052	70.7107	-64.7654	-1.45439e-14
13.82	977.222	40.4038	70.7107	-64.8635	-1.44329e-14
13.83	977.929	39.7547	70.7107	-64.9616	-1.42109e-14
13.84	978.636	39.1046	70.7107	-65.0597	-1.38778e-14
13.85	979.343	38.4535	70.7107	-65.1578	-1.35447e-14
13.86	980.05	37.8015	70.7107	-65.2559	-1.35447e-14
13.87	980.757	37.1484	70.7107	-65.354	-1.29896e-14
13.88	981.464	36.4944	70.7107	-65.4521	-1.31006e-14
13.89	982.171	35.8394	70.7107	-65.5502	-1.26565e-14
13.9	982.878	35.1834	70.7107	-65.6483	-1.25455e-14
13.91	983.586	34.5264	70.7107	-65.7464	-1.22125e-14
13.92	984.293	33.8684	70.7107	-65.8445	-1.18794e-14
13.93	985	33.2095	70.7107	-65.9426	-1.17684e-14
13.94	985.707	32.5496	70.7107	-66.0407	-1.17684e-14
13.95	986.414	31.8887	70.7107	-66.1388	-1.15463e-14
13.96	987.121	31.2268	70.7107	-66.2369	-1.12133e-14
13.97	987.828	30.564	70.7107	-66.335	-1.08802e-14
13.98	988.535	29.9001	70.7107	-66.4331	-1.06581e-14
13.99	989.242	29.2353	70.7107	-66.5312	-1.06581e-14
14	989.949	28.5695	70.7107	-66.6293	-1.04361e-14
14.01	990.657	27.9027	70.7107	-66.7274	-1.02141e-14
14.02	991.364	27.2349	70.7107	-66.8255	-9.76996e-15
14.03	992.071	26.5662	70.7107	-66.9236	-9.76996e-15
14.04	992.778	25.8965	70.7107	-67.0217	-9.4369e-15
14.05	993.485	25.2258	70.7107	-67.1198	-9.21485e-15
14.06	994.192	24.5541	70.7107	-67.2179	-8.88178e-15
14.07	994.899	23.8814	70.7107	-67.316	-8.88178e-15
14.08	995.606	23.2078	70.7107	-67.4141	-8.43769e-15
14.09	996.313	22.5331	70.7107	-67.5122	-8.43769e-15
14.1	997.021	21.8575	70.7107	-67.6103	-8.10463e-15
14.11	997.728	21.1809	70.7107	-67.7084	-7.66054e-15
14.12	998.435	20.5033	70.7107	-67.8065	-7.43849e-15
14.13	999.142	19.8248	70.7107	-67.9046	-7.32747e-15
14.14	999.849	19.1453	70.7107	-68.0027	-7.32747e-15
14.15	1000.56	18.4647	70.7107	-68.1008	-7.10543e-15
14.16	1001.26	17.7832	70.7107	-68.1989	-6.88338e-15
14.17	1001.97	17.1008	70.7107	-68.297	-6.43929e-15
14.18	1002.68	16.4173	70.7107	-68.3951	-6.43929e-15
14.19	1003.38	15.7329	70.7107	-68.4932	-6.10623e-15
14.2	1004.09	15.0474	70.7107	-68.5913	-5.9952e-15
14.21	1004.8	14.361	70.7107	-68.6894	-5.66214e-15
14.22	1005.51	13.6736	70.7107	-68.7875	-5.32907e-15
14.23	1006.21	12.9853	70.7107	-68.8856	-5.10703e-15
14.24	1006.92	12.2959	70.7107	-68.9837	-5.10703e-15
14.25	1007.63	11.6056	70.7107	-69.0818	-4.996e-15
14.26	1008.33	10.9143	70.7107	-69.1799	-4.32987e-15
14.27	1009.04	10.222	70.7107	-69.278	-4.55191e-15
14.28	1009.75	9.52873	70.7107	-69.3761	-4.21885e-15
14.29	1010.46	8.83448	70.7107	-69.4742	-4.10783e-15
14.3	1011.16	8.13925	70.7107	-69.5723	-3.66374e-15
14.31	1011.87	7.44303	70.7107	-69.6704	-3.44169e-15
14.32	1012.58	6.74584	70.7107	-69.7685	-3.10862e-15
14.33	1013.28	6.04766	70.7107	-69.8666	-3.10862e-15
14.34	1013.99	5.34851	70.7107	-69.9647	-2.77556e-15
14.35	1014.7	4.64837	70.7107	-70.0628	-2.44249e-15
14.36	1015.41	3.94725	70.7107	-70.1609	-2.33147e-15
14.37	1016.11	3.24515	70.7107	-70.259	-1.9984e-15
14.38	1016.82	2.54207	70.7107	-70.3571	-1.88738e-15
14.39	1017.53	1.83801	70.7107	-70.4552	-1.55431e-15
14.4	1018.23	1.13296	70.7107	-70.5533	-1.44329e-15
14.41	1018.94	0.426941	70.7107	-70.6514	-8.88178e-16
14.42	1019.65	-0.280064	70.7107	-70.7495	-8.88178e-16
